version: 1
creator: callgrind-3.11.0
pid: 9913
cmd:  ./um midmark.um
part: 1


desc: I1 cache: 
desc: D1 cache: 
desc: LL cache: 

desc: Timerange: Basic block 0 - 1642587759
desc: Trigger: Program termination

positions: line
events: Ir
summary: 10148789820


ob=(3) /usr/lib64/libc-2.17.so
fl=(75) /usr/src/debug////////glibc-2.17-c758a686/setjmp/../sysdeps/x86_64/bsd-_setjmp.S
fn=(312) _setjmp
31 1
+2 1
cfi=(76) /usr/src/debug////////glibc-2.17-c758a686/setjmp/../sysdeps/x86_64/setjmp.S
cfn=(314) __sigsetjmp
calls=1 -7 
* 28

fl=(101) /usr/src/debug////////glibc-2.17-c758a686/misc/../sysdeps/unix/syscall-template.S
fn=(452) mremap
81 15
+1 3

fn=(474) munmap
81 16
+1 4

fl=(104) /usr/src/debug/glibc-2.17-c758a686/libio/putc.c
fn=(500) putc
25 181
+3 181
-3 362
+3 2715
+1 543
fi=(98) /usr/src/debug/glibc-2.17-c758a686/libio/libioP.h
887 362
+1 1448
fe=(104)
32 543
-3 543
cfi=(87) /usr/src/debug/glibc-2.17-c758a686/libio/genops.c
cfn=(502) __overflow
calls=181 229 
* 9977
* 362

fl=(67) /usr/src/debug/glibc-2.17-c758a686/libio/vtables.c
fn=(254) check_stdfiles_vtables
81 4
+1 3
+1 4

fl=(89) /usr/src/debug////////glibc-2.17-c758a686/io/../sysdeps/unix/syscall-template.S
fn=(512) write
81 14
cfn=(514) __write_nocancel
calls=7 * 
* 35

fn=(534) __close_nocancel
81 5

fn=(418) read
81 32
cfn=(420) __read_nocancel
calls=16 * 
* 80

fn=(362) __open_nocancel
81 5

fn=(514)
81 35

fn=(420)
81 80

fn=(360) open
81 2
cfn=(362)
calls=1 * 
* 5

fl=(83) /usr/src/debug/glibc-2.17-c758a686/elf/dl-addr.c
fn=(336) _dl_addr
126 9
+5 1
-5 2
+5 2
cob=(1) /usr/lib64/ld-2.17.so
cfi=(2) /usr/src/debug/glibc-2.17-c758a686/elf/rtld.c
cfn=(50) rtld_lock_default_lock_recursive
calls=1 787 
* 2
+3 6
+1 4
+1 20
+1 2
30 1
+1 1
-1 1
+4 2
+5 1
+6 1
-7 1
+2 2
+2 1
-2 1
+2 1
+3 1
+5 7
+2 1
+1 2
-1 1010
+1 2020
+2 4963
+6 11180
+2 8944
+1 16335
+7 2236
-2 2236
+2 5483
-21 2022
+49 3
+1 1
+1 3
+3 2
+41 3
cob=(1)
cfi=(2)
cfn=(52) rtld_lock_default_unlock_recursive
calls=1 793 
* 2
+3 9
-13 9
-19 1
+1 1
+23 2

fl=(85) /usr/src/debug/glibc-2.17-c758a686/misc/sbrk.c
fn=(346) sbrk
34 34
+8 34
-8 102
+8 201
+4 68
+4 121
+3 31
cfi=(86) /usr/src/debug/glibc-2.17-c758a686/misc/../sysdeps/unix/sysv/linux/x86_64/brk.c
cfn=(348) brk
calls=31 -22 
* 403
* 62
+4 170
-14 68
cfi=(86)
cfn=(348)
calls=34 -12 
* 442
* 136
+9 2
+1 4

fl=(46) /usr/src/debug/glibc-2.17-c758a686/elf/../sysdeps/unix/sysv/linux/dl-vdso.c
fn=(182) _dl_vdso_vsym
27 4
-1 4
+1 4
+4 8
-3 8

fl=(82) /usr/src/debug/glibc-2.17-c758a686/malloc/arena.c
fn=(334) ptmalloc_init.part.7
368 6
+11 1
-8 1
+8 1
+7 3
+2 5
+16 2
-71 134
+16 67
-18 204
449 2
+5 2
+1 2
+2 1
+1 7
-78 5
cfi=(83)
cfn=(336)
calls=1 126 
* 56537
* 2
+1 4
-47 12
+1 6

fl=(49) /usr/src/debug/glibc-2.17-c758a686/time/../sysdeps/unix/sysv/linux/x86_64/gettimeofday.c
fn=(190) gettimeofday
30 1
+1 1
+3 2
-3 4
+3 1
cfi=(46)
cfn=(182)
calls=1 -7 
* 7
+1 3
+1 3

fl=(68) /usr/src/debug/glibc-2.17-c758a686/string/../sysdeps/x86_64/cacheinfo.c
fn=(256) init_cacheinfo
478 2
+12 1
-12 1
+12 1
-12 1
+12 1
-12 1
+12 1
648 2
+2 1
+1 1
+2 1
-3 1
+5 1
-5 1
+4 3
+4 2
+2 1
+1 1
+2 1
+4 1
-7 1
+5 1
-5 1
+4 1
+3 2
-3 1
+3 1
-3 1
+3 2
492 2
cfn=(258) handle_intel.isra.0
calls=1 262 
* 844
+4 1
-4 1
+4 1
cfn=(258)
calls=1 262 
* 885
+2 1
-2 1
-1 1
+3 1
+9 3
+2 1
+1 1
+2 1
+5 2
+9 16
-9 12
+6 3
-6 3
+6 3
-6 3
+6 1
-6 1
+6 1
+69 4
+1 6
-65 1
+32 1
-26 5
+7 2
+4 4
+2 4
-6 4
+4 1
-2 1
+2 1
-4 3
+4 1
-2 1
+2 1
+15 1
+1 4
-9 1
+2 2
+1 1
-1 2
+1 1
+1 1

fn=(258)
262 4
+12 2
-12 12
+9 2
+1 4
-3 6
+23 10
cfn=(260) intel_check_word
calls=2 132 
* 1446
+1 4
+3 10
cfn=(260)
calls=2 132 
* 189
+1 4
-17 4
+5 2
-5 4
+5 2
+2 2
+1 2
-1 4
+27 16

fn=(260)
132 32
+1 12
+6 32
+2 4
-2 4
+2 4
+88 8
-76 20
+53 16
+23 40
-1 8
+1 8
cfi=(69) /usr/src/debug/glibc-2.17-c758a686/stdlib/bsearch.c
cfn=(262) bsearch
calls=8 26 
* 1228
+2 16
+22 8
141 16
+2 10
+2 20
-10 2
258 32
-93 10
+5 10
-5 14
+9 2
+2 4
+8 2
+4 2
-2 4
+13 3
-34 15
+5 6
+4 8
+7 9
+9 2
-2 2
+3 2
-1 2
-2 2
+1 2
+1 2
-1 6
+1 2
-2 4

fn=(264) intel_02_known_compare
121 162
+3 162

fl=(106) /usr/src/debug/glibc-2.17-c758a686/stdlib/exit.c
fn=(544) exit
98 2
+1 2
-1 1
+1 1
cfn=(546) __run_exit_handlers
calls=1 -63 
* 3555

fn=(546)
36 9
+5 6
+4 3
-4 3
+4 3
+3 1
-1 1
+2 5
+33 1
+1 1
-1 1
+1 1
+6 2
+1 5
cfi=(87)
cfn=(612) _IO_cleanup
calls=1 948 
* 286
* 3
+2 2
cfi=(110) /usr/src/debug/glibc-2.17-c758a686/posix/../sysdeps/unix/sysv/linux/_exit.c
cfn=(626) _Exit
calls=1 -65 
* 5
-19 1
+4 2
-2 2
+2 1
cob=(1)
cfi=(107) /usr/src/debug/glibc-2.17-c758a686/elf/dl-fini.c
cfn=(548) _dl_fini
calls=1 +55 
* 3210
+1 1

fl=(64) /usr/src/debug/glibc-2.17-c758a686/misc/init-misc.c
fn=(248) __init_misc
30 4
+1 5
+2 3
cfi=(65) /usr/src/debug////////glibc-2.17-c758a686/string/../sysdeps/x86_64/strrchr.S
cfn=(250) __GI_strrchr
calls=1 -8 
* 34
+4 5
+1 3
+2 4

fl=(99) /usr/src/debug/glibc-2.17-c758a686/libio/feof.c
fn=(428) feof
35 120441
-3 120441
+3 2288379
+1 361323
+1 1204410
+2 240882

fl=(81) /usr/src/debug/glibc-2.17-c758a686/malloc/hooks.c
fn=(332) malloc_hook_ini
30 2
fi=(82)
370 3
fe=(81)
29 3
cfi=(82)
cfn=(334)
calls=1 368 
* 57004
* 1
+4 1
-1 1
cfi=(80) /usr/src/debug/glibc-2.17-c758a686/malloc/malloc.c
cfn=(331) malloc'2
calls=1 2894 
* 1222

fn=(444) realloc_hook_ini
37 9
+1 1
fi=(82)
370 1
fe=(81)
39 1
-1 1
fi=(82)
370 2
fe=(81)
39 1
fi=(82)
370 1
fi=(80)
2972 2
+4 6
+4 2
+5 1
-2 1
+2 1
+2 1
-2 1
+2 2
+3 3
+6 4
+1 2
+7 12
+2 2
fe=(81)
42 9
fi=(80)
2988 1
+36 6
+2 6
cfn=(448) _int_realloc
calls=1 4204 
* 482
* 1
+2 4
+4 4
fe=(81)

fl=(110)
fn=(626)
27 2
+4 1
+2 2

fl=(96) /usr/src/debug/glibc-2.17-c758a686/io/../sysdeps/unix/sysv/linux/wordsize-64/fxstat.c
fn=(406) _fxstat
35 2
-1 2
+1 2
+1 12
+4 2

fl=(100) /usr/src/debug////////glibc-2.17-c758a686/string/../sysdeps/x86_64/memcpy.S
fn=(450) __GI_memcpy
61 8
+2 8
+2 8
+3 4
+1 4
+11 4
+1 4
+11 4
+1 4
+11 4
+1 4
+2 4
+1 4
+2 4
+1 4
+5 4
+1 4
+23 4
+8 8
+6 8
+2 8
+1 8
+26 8
+1 8
+3 1
+1 1
+1 1
+5 8
+2 8
+1 8
+1 8
+1 8
+2 8
+1 8
+1 8
+1 8
+2 8
+1 8
+2 8
+2 8
+2 8
+1 8
+1 8
+1 8
+2 8
+1 8
+1 8
+1 8
+2 8
+1 8
+2 10
+5 1
+6 1
+1 1
+19 7
+1 7
+1 7
+5 7
+1 7
+4 7
+1 7
+2 8075
+1 7
+6 7
+1 7
+1 7
+3 4
+6 4
+1 4
+2 4
+13 3
+1 3
+1 3
+3 3
+1 3
+1 3
+1 3
+2 2
+2 2
+2 2
+2 2
+3 2
+1 2
+69 512
+2 512
+1 512
+1 512
+1 512
+1 512
+1 512
+1 512
+1 512
+2 512
+1 512
+2 512
+1 512
+1 512
+1 512
+1 512
+1 512
+1 512
+1 512
+2 512
+1 512
+2 512
+2 512
+2 512
+1 512
+1 512
+1 512
+1 512
+1 512
+1 512
+1 512
+2 512
+1 512
+2 512
+1 512
+1 512
+1 512
+1 512
+1 512
+1 512
+1 512
+2 512
+1 512
+2 512
+3 2
+2 2
+2 2
+2 2
+6 2
+1 2
+1 2
-2 1
+1 1
+1 1
+2 3
+6 3
+1 3

fl=(69)
fn=(262)
26 8
+5 8
-5 72
+7 8
-7 16
+7 8
+7 10
+1 10
-8 20
+2 54
+2 54
-2 54
+1 162
+1 108
cfi=(68)
cfn=(264)
calls=54 +84 
* 324
+1 108
+1 44
-6 88
+14 8
-1 8
+1 56

fl=(90) /usr/src/debug/glibc-2.17-c758a686/string/../string/strstr.c
fn=(364) __GI_strstr
53 8
+10 3
+2 2
+1 1
+23 8
-26 1
-5 2

fl=(108) /usr/src/debug/glibc-2.17-c758a686/stdlib/cxa_finalize.c
fn=(576) __cxa_finalize
30 6
+17 2
-17 10
+4 8
+4 12
-4 6
+32 8
+4 12
-4 6
+12 4
+3 2
-2 2
+2 12
-2 2
cfi=(109) /usr/src/debug/glibc-2.17-c758a686/nptl/../nptl/sysdeps/unix/sysv/linux/unregister-atfork.c
cfn=(578) __unregister_atfork
calls=2 -44 
* 14

fl=(45) /usr/src/debug/glibc-2.17-c758a686/time/../sysdeps/unix/sysv/linux/x86_64/time.c
fn=(180) time
36 1
+1 1
+3 2
-3 4
+3 1
cfi=(46)
cfn=(182)
calls=1 -13 
* 7
* 3
+1 3

fl=(74) /usr/src/debug/glibc-2.17-c758a686/stdlib/cxa_atexit.c
fn=(296) __cxa_atexit
56 6
-22 2
cfn=(298) __new_exitfn
calls=1 +38 
* 39
+2 2
+4 1
+3 1
+1 1
-4 2
+2 1
+4 1
+1 1
+11 4

fn=(298)
72 1
+6 2
-6 3
+6 4
+2 4
-7 2
+9 3
-2 1
+10 1
-10 2
+45 1
+1 1
+3 4
+3 5
-35 2
+14 1
+1 2

fl=(94) /usr/src/debug/glibc-2.17-c758a686/libio/getc.c
fn=(392) getc
35 120441
+3 120441
-3 120441
+3 1806615
+1 722598
fi=(98)
887 240882
+1 963528
fe=(94)
42 361323
-3 32
cfi=(87)
cfn=(394) __uflow
calls=16 349 
* 2608
* 32

fl=(80)
fn=(516) systrim.isra.2
2758 8
+10 2
-1 1
+1 1
+3 4
+2 2
+6 5
cfi=(84) /usr/src/debug/glibc-2.17-c758a686/malloc/morecore.c
cfn=(344) __default_morecore
calls=1 46 
* 45
* 1
+1 4
+35 8
-23 3
cfi=(84)
cfn=(344)
calls=1 46 
* 68
+2 2
+1 2
+2 2
cfi=(84)
cfn=(344)
calls=1 46 
* 45
+2 1
+2 2
+3 2
+3 2
-1 1
+1 2
+2 2

fn=(340) malloc_consolidate
4100 24
+22 6
+1 6
+12 2
4965 2
4125 2
+11 2
-1 2
4963 2
+2 2
-2 8
4138 4
+1 4
-1 36
+1 49
+22 120630
-1 120630
+1 1928697
+4 124733
+4 124733
-3 124733
+1 124733
+2 124733
+1 120897
+1 120897
+3 120897
+1 120897
+1 120897
-2 120897
+12 120897
-12 120897
+3 120897
+9 120897
-12 3836
+1 3836
+1 3836
-2 3836
+12 3836
-12 3836
+3 3836
+9 128562
-41 124726
-3 124726
+3 249452
+1 124726
+1 249452
+2 249452
-4 7
-3 7
+3 14
+1 7
+1 14
+2 14
+1 1067
+2 1067
-1 1067
+2 17098
+3 249466
+3 249466
+4 8206
+26 80
+6 17
-73 3
1835 1
+2 3
-2 128
+2 378
-2 252
+6 3
+5 1
+2 1
-2 1
4195 8
1845 3

fn=(442) realloc
2964 99
+7 22
+1 22
+4 60
+4 20
+5 10
-2 10
+2 10
+2 10
-2 10
+2 20
+3 21
+6 40
+1 20
+7 120
+2 20
2854 3
+1 3
-1 3
+12 3
-12 3
+9 15
+3 6
+3 30
cfi=(101)
cfn=(452)
calls=3 81 
* 18
+3 12
+9 3
-2 3
-5 3
+5 6
+2 3
+1 3
-3 3
+4 3
-1 3
+1 3
3012 3
+33 90
-57 13
+36 42
+2 42
cfn=(448)
calls=7 4204 
* 32787
* 7
+2 28
+4 28
2884 6
+89 1
+72 7
-72 1
cfi=(81)
cfn=(444)
calls=1 37 
* 570

fn=(338) _int_malloc
3317 8836008
+30 2945336
-30 17672016
+30 18839724
+4 5890672
+14 5890672
+1 8835903
+1 2945301
+1 2945301
-1 5890602
+5 5890602
+3 13997175
+1 2799435
-1 2799435
+1 5598870
+26 291802
+1 291780
+1 291780
+2 437670
+1 4
+3 1
+1 2
+5 1
+1 1
+1 1
+2 3
1908 2799466
3749 2799466
1908 5598932
3751 2799466
+58 23562688
3347 6134640
+95 82
+1 22
+1 4
cfn=(340)
calls=1 4100 
* 5659499
* 2
3794 1
4965 2
3794 3
+2 25
4963 1
+2 1
-2 3
3463 2
3794 145899
4965 291798
3794 437697
+2 3647475
4963 145899
+2 145899
-2 437697
3463 291798
+67 54
+1 108
+1 36
+45 18
+7 18
-6 18
+1 18
+1 18
+1 18
+3 18
-52 13
+45 13
+7 13
-6 13
+1 13
+1 13
+1 13
+3 13
3463 437793
+2 29527
-1 29527
+1 59054
+1 59054
+7 29527
+10 118104
+34 33
-5 33
+1 33
+4 33
+12 62
+6 68
+1 2
+1 2
+3 4
-4 6
+1 6
+3 12
-5 58
+1 2
+1 2
+3 4
-5 15
+1 3
+1 3
+3 6
+34 52
-39 42
-50 29521
-1 59042
+2 29509
-1 59018
+4 29494
+1 58988
+4 58988
-3 58988
+1 58988
+1 58988
+1 29494
+2 29254
+1 29254
+3 204778
+2 58508
-2 29254
+2 29254
+4 29254
1908 29254
3503 29254
1908 58508
3500 1680
+2 480
-2 240
+2 240
+4 240
1908 240
3503 240
1908 292216
3535 31
+58 232808
+70 116404
+1 116404
+1 116404
-1 116404
+1 116404
+1 232808
+1 232808
+5 465712
+2 349188
+2 465528
-2 349140
+2 465504
-2 232744
+2 349107
+95 116374
+3 116374
-2 232748
+2 232748
+16 66
3684 425
+1 425
-2 958
+7 54
+3 108
+1 24
+1 24
+1 24
-2 96
+59 24
3535 24
-16 2
-1 4
+1 4
1908 2
3522 2
1908 4
3524 4
3378 13997175
3594 22
+3 37
+19 24
3442 64
3676 24
+2 6
+1 12
-1 16
+1 32
3442 4
3700 90
+8 30
-3 60
+3 399
+3 60
+2 9
-1 9
+1 27
-37 48
+48 21
-5 21
+6 42
+11 21
-6 21
+1 21
+1 21
+1 21
+3 21
+1 21
+1 42
+2 12
+1 12
+2 84
+2 24
-2 12
+2 12
+1 24
-3 63
+2 18
-2 9
+2 9
+1 18
3408 4
cfn=(340)
calls=1 4100 
* 793
* 3
+34 14
3803 132
cfn=(342) sysmalloc
calls=33 2286 
* 5341
+1 33
-1 33
+1 33
1908 132
3778 116341
-3 116341
+1 232682
+2 116341
-1 116341
+1 232682
+2 116341
-2 349023
+5 116341
-5 116341
+2 116341
1908 349023
3708 156

fn=(448)
4204 72
+16 24
+1 32
+15 16
+1 24
+1 16
+1 16
+6 16
+8 16
+12 8
-1 16
+10 24
cfn=(338)
calls=8 3317 
* 1197
+1 8
-1 8
+1 8
+4 8
-1 8
+6 16
+5 40
cfi=(100)
cfn=(450)
calls=8 61 
* 31087
3830 24
+6 32
+1 16
+13 32
+13 16
4319 72
3938 16
+10 8
-4 8
+4 16
+6 16
+8 24
+6 16
+1 16
+1 16
1915 24
3979 16
+7 16
+5 16
+4 8
+9 8
-1 8
+2 16
+7 8
-2 8
+1 8
+1 8
+2 7
+1 7
+2 7
+1 7
+2 21
+1 7
+30 21
-34 1
+1 1
+2 3
+1 1
+30 3
+1 2
+3 3
+2 6
3956 24
-2 16

fn=(330) malloc
2894 11781300
+5 5890650
+1 5890650
+3 20617268
+2 8835972
cfn=(338)
calls=2945324 3317 
* 190859760
+3 2945324
-3 2945324
+3 2945324
+6 5890648
+1 11781296
+5 14726620
-17 17671944
+5 5890648
-7 1
+19 3
-19 1
cfi=(81)
cfn=(332)
calls=1 30 
* 58237

fn=(331)
2894 4
+5 2
+1 2
+3 7
+2 3
cfn=(338)
calls=1 3317 
* 1182
+3 1
-3 1
+3 1
+6 2
+1 4
+5 5
-17 6
+5 2

fn=(342)
2286 297
+21 33
+11 33
-11 66
+11 33
+1 96
+79 30
+20 30
-19 60
+19 60
2724 60
+6 30
+3 30
-3 30
+3 60
+1 30
+3 90
-2 30
+2 60
+1 30
-1 30
-1 30
+1 30
+1 30
+2 30
+6 240
-6 3
+6 24
-21 60
2320 9
+14 12
+6 6
2469 60
+19 60
-19 150
+19 60
+8 30
-8 30
+8 30
2342 24
cfi=(97) /usr/src/debug/glibc-2.17-c758a686/misc/../sysdeps/unix/sysv/linux/wordsize-64/mmap.c
cfn=(408) mmap
calls=3 32 
* 99
+2 9
+34 3
-5 9
+5 12
+3 3
+1 3
-1 3
+1 3
+1 6
2497 180
cfi=(84)
cfn=(344)
calls=30 46 
* 1947
+1 30
-1 30
+1 30
+3 120
+2 60
+1 60
+18 60
+25 60
+2 60
2400 30
2555 30
-6 30
+6 88
+1 145
+2 6
+42 3
+19 1
+3 2
+1 4
+3 1
-3 1
+3 2
cfi=(84)
cfn=(344)
calls=1 46 
* 45
+12 3
+5 2
+1 4
+35 1
+1 1
-2 1
+1 2
+12 1
-12 1
+1 2
+11 1
2379 4
2548 5
+10 2

fn=(378) calloc
3179 3
+13 9
-13 3
+10 6
+3 3
-13 9
+13 3
+8 6
+1 6
+10 36
+7 3
+8 3
-7 6
+7 6
+15 9
cfn=(338)
calls=3 +76 
* 532
+6 3
-6 3
+6 3
+7 12
+3 6
+6 9
+46 18
-36 3
-3 3
+3 6
-13 3
+13 6
+10 3
+1 6
+3 6
+7 3
-3 3
+1 3
+1 6
+1 3
-21 3

fn=(464) free
2930 5890656
+1 5890656
+5 5890656
+5 2945328
-2 2945328
+2 5890656
+16 8835975
+1 8835975
cfn=(466) _int_free
calls=2945325 3817 
* 215014148
-14 9
+1 6
+1 6
+2 1
+1 1
-1 1
+1 1
+1 4
2825 4
+1 2
+6 2
-7 2
+7 12
-7 2
+1 1
+6 1
-7 1
+7 6
+7 3
+1 3
+5 3
cfi=(101)
cfn=(474)
calls=3 81 
* 15

fn=(466)
3817 29453250
+13 8835975
+6 11781300
+1 5890650
+13 11781300
+13 5890650
+11 11781204
+1 8835903
1915 2945301
3899 2945301
1915 5890602
3901 8835903
+1 5890602
+1 2945301
+3 2945301
-3 2945301
+9 8835903
-5 8835903
+14 11709080
+2 2945301
+2 17671806
+2 11709080
4083 23562408
3938 48
3828 24
3939 48
+9 24
-4 24
+4 48
+6 48
+8 72
+6 48
+1 48
+1 48
1915 72
3979 48
+1 4
+2 4
-1 4
+2 59
+3 48
+5 46
+4 23
+9 23
-1 23
+2 46
+7 23
-2 23
+1 23
+1 23
+5 23
+1 23
+2 69
+1 23
+30 48
+1 2
+3 3
+16 48
+2 96
+10 192
3940 144
+1 48
4057 5
+2 4
cfn=(516)
calls=1 2758 
* 215
* 1
-27 1
+1 3
+1 2
+19 2
cfn=(340)
calls=1 +47 
* 148778
* 1
-97 72
-2 48

fl=(84)
fn=(344)
46 34
+1 34
cfi=(85)
cfn=(346)
calls=34 -13 
* 1878
+2 102
+2 102

fl=(86)
fn=(348)
31 65
-3 65
+3 455
+8 65
-6 130
+7 65

fl=(105) /usr/src/debug/glibc-2.17-c758a686/libio/iofclose.c
fn=(524) fclose@@GLIBC_2.2.5
39 3
+14 1
-14 1
+14 3
+3 18
+4 3
-3 2
fi=(98)
887 2
+1 3
fe=(105)
62 1
fi=(98)
959 3
+2 2
+1 2
fe=(105)
62 3
cfi=(88) /usr/src/debug/glibc-2.17-c758a686/libio/fileops.c
cfn=(538) _IO_file_finish@@GLIBC_2.2.5
calls=1 207 
* 36
+1 3
+18 6
+2 1
+1 2
cfi=(80)
cfn=(464)
calls=1 2930 
* 114
* 1
+4 5
-10 2
-24 1
cfi=(87)
cfn=(526) _IO_un_link
calls=1 +6 
* 80
* 3
+4 2
cfi=(88)
cfn=(528) _IO_file_close_it@@GLIBC_2.2.5
calls=1 165 
* 120
* 3
fi=(98)
888 6
fe=(105)

fl=(44) /usr/src/debug////////glibc-2.17-c758a686/string/../sysdeps/x86_64/multiarch/strcmp.S
fn=(186) strncasecmp
120 1
+2 1
+1 1
+1 1
+9 1

fn=(178) strcasecmp
100 1
+2 1
+1 1
+1 1
+9 1

fl=(48) /usr/src/debug////////glibc-2.17-c758a686/string/../sysdeps/x86_64/multiarch/memset.S
fn=(188) memset
27 1
+1 1
+1 1
+1 1
+1 1
+2 1
+1 1
+5 1

fl=(79) /usr/src/debug/glibc-2.17-c758a686/libio/iofopen.c
fn=(366) __fopen_maybe_mmap
41 1
-2 1
+2 1
+15 1

fn=(326) __fopen_internal
61 6
+8 1
-8 2
+8 1
cfi=(80)
cfn=(330)
calls=1 2894 
* 58250
* 1
+2 1
-2 1
+2 1
+3 1
+3 5
-3 1
+3 1
cfi=(87)
cfn=(350) _IO_no_init
calls=1 603 
* 58
+4 1
+1 1
-1 1
+1 1
cfi=(88)
cfn=(354) _IO_new_file_init_internal
calls=1 +61 
* 95
+4 5
cfi=(88)
cfn=(358) _IO_file_fopen@@GLIBC_2.2.5
calls=1 256 
* 113
* 1
+1 1
-1 1
+6 5
-5 1
cfn=(366)
calls=1 -46 
* 4

fn=(324) fopen@@GLIBC_2.2.5
97 2
cfn=(326)
calls=1 -36 
* 58560

fl=(109)
fn=(578)
35 2
-8 4
+11 4
+82 4

fl=(66) /usr/src/debug/glibc-2.17-c758a686/ctype/ctype-info.c
fn=(252) __ctype_init
32 5
+2 1
-2 2
+2 3
+2 5

fl=(97)
fn=(408)
32 5
+1 5
-1 45
+1 15
+1 50
+2 35
-3 10

fl=(76)
fn=(314)
26 1
+9 1
+1 2
+1 1
+4 1
+1 1
+1 1
+1 1
+1 1
+2 2
+2 1
+1 1
+1 1
+2 2
+2 1
+9 1
cfi=(77) /usr/src/debug/glibc-2.17-c758a686/setjmp/sigjmp.c
cfn=(316) __sigjmp_save
calls=1 -35 
* 9

fl=(77)
fn=(316)
29 2
-1 2
+1 2
+5 3

fl=(88)
fn=(358)
256 1
+12 1
-12 8
+11 3
+2 4
426 8
277 2
-20 1
+37 12
+41 1
224 1
+1 2
-1 1
+4 1
cfi=(89)
cfn=(360)
calls=1 81 
* 7
* 1
+4 2
+3 1
-1 1
+1 2
+3 2
-3 1
+3 1
+10 2
cfi=(87)
cfn=(356) _IO_link_in
calls=1 98 
* 11
355 3
cfi=(90)
cfn=(364)
calls=1 53 
* 25
* 1
+1 3
-83 1
-1 1
-15 2

fn=(510) _IO_file_write@@GLIBC_2.2.5
1251 49
+2 35
+11 7
+1 7
-12 14
+5 7
-1 21
+1 14
cfi=(89)
cfn=(512)
calls=7 81 
* 49
+1 14
+9 21
+3 63

fn=(624) _IO_file_sync@@GLIBC_2.2.5
863 4
+5 4
+2 1
+1 2
+17 1
+4 1
-4 1
+4 3

fn=(416) _IO_file_read
1211 64
cfi=(89)
cfn=(418)
calls=16 81 
* 112

fn=(538)
207 4
+1 2
+7 1
-1 2
+1 2
-1 1
cfi=(87)
cfn=(540) _IO_default_finish
calls=1 639 
* 24

fn=(528)
165 3
+2 1
-2 1
+2 2
+4 1
+3 1
-3 1
-1 2
+6 1
+3 1
-3 1
cfi=(87)
cfn=(530) _IO_unsave_markers
calls=1 1047 
* 9
+3 2
+4 3
+9 5
cfi=(87)
cfn=(410) _IO_setb
calls=1 381 
* 39
+1 2
+3 1
-3 1
+1 3
+2 1
cfi=(87)
cfn=(526)
calls=1 60 
* 10
+5 2
-4 1
+1 1
+1 1
+2 1
+1 4
-23 1
fi=(98)
959 3
+2 2
+1 2
fe=(88)
179 2
cfn=(532) _IO_file_close
calls=1 1245 
* 7
* 2

fn=(620) _IO_file_setbuf@@GLIBC_2.2.5
451 2
+1 1
cfi=(87)
cfn=(622) _IO_default_setbuf
calls=1 +71 
* 67
* 2
+4 2
-1 2
+2 3
+2 1
+1 2

fn=(354)
143 1
+4 1
-4 3
+5 1
-1 1
+3 1
cfi=(87)
cfn=(356)
calls=1 -52 
* 82
+1 1
+1 4

fn=(398) _IO_file_underflow@@GLIBC_2.2.5
532 128
+8 48
+6 48
+3 32
+13 32
fi=(98)
888 48
fe=(88)
582 32
cfi=(87)
cfn=(414) _IO_switch_to_get_mode
calls=16 176 
* 384
+11 16
-5 16
fi=(98)
961 16
fe=(88)
588 32
fi=(98)
961 16
fe=(88)
589 16
+2 16
fi=(98)
962 16
fe=(88)
590 32
fi=(98)
962 16
fe=(88)
593 64
cfn=(416)
calls=16 1211 
* 176
+2 32
+10 15
-3 15
+3 30
+2 30
+1 168
-56 3
+5 2
cfi=(87)
cfn=(400) _IO_doallocbuf
calls=1 395 
* 143
* 2
+41 1
-1 1
+1 2
+10 1
-4 1
+4 7

fn=(404) _IO_file_stat
1224 2
+1 6
cfi=(96)
cfn=(406)
calls=2 35 
* 20

fn=(504) _IO_file_overflow@@GLIBC_2.2.5
802 724
+1 543
+7 1263
+35 362
+3 362
+3 543
+1 543
+1 724
+4 181
+1 724
-45 2
+12 2
+9 4
+8 1
-4 1
+3 2
-2 2
-3 1
+1 2
+5 1
-1 1
+1 3
+1 2
+12 14
-1 7
+1 7
-1 7
cfn=(508) _IO_do_write@@GLIBC_2.2.5
calls=7 493 
* 693
* 14
-39 2
cfi=(87)
cfn=(400)
calls=1 395 
* 156
+1 6

fn=(532)
1245 2
cfi=(89)
cfn=(534)
calls=1 81 
* 5

fn=(508)
493 7
+2 14
-2 35
+2 7
+9 28
+7 28
+8 7
fi=(98)
961 14
+1 14
fe=(88)
519 28
cfn=(510)
calls=7 1251 
* 301
* 7
+1 21
+6 7
-4 7
+4 7
-4 21
+1 14
+3 7
-2 7
-29 14
+1 21
-1 7
+1 7
-1 7
+1 14
+29 14
-4 28

fl=(62) /usr/src/debug/glibc-2.17-c758a686/csu/../csu/init-first.c
fn=(244) _init
52 8
+6 6
+17 1
fi=(63) /usr/src/debug/glibc-2.17-c758a686/csu/../sysdeps/unix/sysv/linux/x86_64/init-first.c
-35 2
fe=(62)
+33 1
+1 1
fi=(63)
-34 1
-2 2
fe=(62)
+37 1
fi=(63)
-37 3
+2 1
cfi=(46)
cfn=(182)
calls=1 -13 
* 7
+1 2
+5 2
-3 2
+1 1
+2 1
cfi=(46)
cfn=(182)
calls=1 -19 
* 7
fe=(62)
+43 1
fi=(63)
-39 1
fe=(62)
+39 2
fi=(63)
-39 2
+1 2
+1 1
fe=(62)
+37 1
cfi=(64)
cfn=(248)
calls=1 -59 
* 58
+8 1
cfi=(66)
cfn=(252)
calls=1 -65 
* 16
+5 6
-35 1
-9 1
+9 4
fi=(63)
-25 2
fe=(62)

fl=(47) /usr/src/debug////////glibc-2.17-c758a686/string/../sysdeps/x86_64/multiarch/strnlen.S
fn=(184) strnlen
30 1
+1 1
+1 1
+1 1
+2 1

fl=(50) ???
fn=(192) memcpy@GLIBC_2.2.5
0 15

fl=(87)
fn=(614) _IO_flush_all_lockp
760 8
+6 3
+6 1
-11 1
+10 1
+2 2
fi=(98)
959 2
fe=(87)
777 1
fi=(98)
959 2
fe=(87)
776 3
-1 3
+1 3
+3 9
+10 6
+4 3
-2 3
+2 6
+7 3
-27 6
+31 2
+2 3
+4 9
-31 12

fn=(396) _IO_default_uflow
413 16
fi=(98)
959 32
fe=(87)
413 16
fi=(98)
959 16
fe=(87)
413 32
+1 16
fi=(98)
961 32
+1 32
fe=(87)
414 32
cfi=(88)
cfn=(398)
calls=16 532 
* 1637
+1 32
+2 60
+1 64

fn=(356)
98 8
+1 6
+4 1
-2 2
+2 5
+1 10
+2 1
-2 1
+1 1
+1 1
-2 1
+2 1
-2 1
+2 14
+2 1
-2 1
+4 1
+2 1
-3 1
-1 1
+4 7
+2 1
-1 1
+1 8
+1 2
+3 8
-6 7

fn=(394)
349 64
+2 49
+6 80
+3 32
+2 32
+6 32
+7 16
fi=(98)
959 48
+2 32
+1 32
fe=(87)
375 16
+1 16
-1 16
+1 32
-1 16
cfn=(396)
calls=16 +38 
* 2017
-24 30
+22 48

fn=(410)
381 15
+1 14
+3 3
+2 12
-3 3
+3 6
+3 12
-7 7
cfi=(101)
cfn=(474)
calls=1 81 
* 5
* 4

fn=(526)
60 12
+1 6
+4 6
+1 10
+2 1
-2 1
+1 1
+1 19
+2 3
+2 2
+13 1
+2 1
-2 1
+2 4
+2 1
-1 1
+1 6
+1 2
+3 12
-6 6
-13 1
+1 1
-1 2

fn=(352) _IO_old_init
590 1
-16 1
+1 1
+15 1
+5 1
-21 1
+2 1
+1 1
+1 1
+17 1
-16 1
+1 1
+1 1
+1 1
+1 1
+1 1
+2 1
+1 1
+1 1
+1 1
+6 1
+1 4

fn=(400)
395 6
+1 2
-1 2
+1 2
+6 8
-4 6
+1 2
fi=(98)
959 6
+2 4
+1 4
fe=(87)
399 4
cfi=(95) /usr/src/debug/glibc-2.17-c758a686/libio/filedoalloc.c
cfn=(402) _IO_file_doallocate
calls=2 95 
* 249
* 4

fn=(502)
229 362
+2 543
+1 1
+1 1
fi=(98)
959 3
+2 2
+1 2
fe=(87)
233 180
fi=(98)
959 540
+2 360
+1 360
fe=(87)
233 181
+1 362
-1 181
cfi=(88)
cfn=(504)
calls=181 802 
* 6899

fn=(350)
603 9
+1 1
cfn=(352)
calls=1 -14 
* 25
+3 1
-2 1
+2 1
+2 1
+1 1
+1 1
+1 1
+1 1
+1 1
+1 1
+1 1
+1 1
+1 1
+1 1
+1 1
+2 1
+3 1
+1 6

fn=(414)
176 64
+1 48
+3 48
+5 16
-1 32
+1 16
+7 16
-4 16
+2 32
+2 16
+1 16
+1 64

fn=(530)
1047 1
+2 1
-2 1
+2 1
+19 3
+2 2

fn=(612)
948 1
+3 1
-3 6
+3 1
cfn=(614)
calls=1 760 
* 92
-63 1
+63 1
-63 2
fi=(98)
+71 2
fe=(87)
-59 1
fi=(98)
+59 2
fe=(87)
-69 9
+2 2
-1 4
+3 4
+6 16
+8 5
+10 1
fi=(98)
+43 2
+1 2
fe=(87)
-44 4
cfi=(88)
cfn=(620)
calls=1 451 
* 82
+3 2
+7 3
-40 9
+75 9
-53 1
+4 1
-4 1
+2 1
+1 1
+1 1
-2 1
+3 4
+6 3
+1 8

fn=(540)
639 2
+2 3
+6 3
+3 3
+6 1
+6 1
-6 1
cfn=(526)
calls=1 60 
* 10

fn=(622)
523 1
fi=(98)
959 2
fe=(87)
523 2
fi=(98)
959 1
fe=(87)
523 5
+1 1
fi=(98)
961 2
+1 2
fe=(87)
524 2
cfi=(88)
cfn=(624)
calls=1 863 
* 17
* 2
+9 1
-7 1
+7 1
-7 1
382 1
528 1
+1 1
-1 1
+1 1
382 4
+7 1
-5 1
+1 1
+4 1
536 2
+2 1
-2 1
+1 3
+2 6

fl=(95)
fn=(402)
95 10
+15 8
fi=(98)
959 6
+2 4
+1 4
fe=(95)
110 6
cfi=(88)
cfn=(404)
calls=2 1224 
* 28
* 4
+2 8
+11 9
-14 1
+18 6
cfi=(97)
cfn=(408)
calls=1 -95 
* 33
* 6
cfi=(97)
cfn=(408)
calls=1 -95 
* 33
* 4
+1 10
cfi=(87)
cfn=(410)
calls=2 381 
* 42
+1 2
+1 13
-13 1
fi=(111) /usr/src/debug/glibc-2.17-c758a686/libio/../sysdeps/unix/sysv/linux/sys/sysmacros.h
-71 6
fe=(95)
+71 1
-2 2
+5 2

fl=(65)
fn=(250)
25 1
+1 1
+1 1
+1 1
+1 1
+1 1
+1 1
+1 1
+1 1
+1 1
+1 1
+1 1
+1 1
+1 1
+1 1
+1 1
+1 1
+1 1
+1 1
+1 1
+1 1
+1 1
+1 1
+13 1
+1 1
+1 1
+1 1
+7 1
+1 1
+1 1
+1 1
+1 1
+1 1
+1 1

fl=(73) /usr/src/debug/glibc-2.17-c758a686/csu/../csu/libc-start.c
fn=(294) (below main)
132 7
+4 1
-4 3
+4 7
+62 1
-62 1
+62 1
+1 4
cfi=(74)
cfn=(296)
calls=1 56 
* 61
+22 6
+3 2
+1 5
cob=(6) /h/atsuet01/comp40/HW/UM_optimized/um
cfi=(70) ???
cfn=(300) __libc_csu_init
calls=1 0 
* 51
+4 4
+15 2
+9 2
cfi=(75)
cfn=(312)
calls=1 31 
* 30
+1 2
+5 2
+1 2
+3 2
+3 6
cob=(6)
cfi=(78) /h/atsuet01/comp40/HW/UM_optimized/um-driver.c
cfn=(318) main
calls=1 82 
* 10148617720
+34 2
cfi=(106)
cfn=(544)
calls=1 98 
* 3561

ob=(4) /usr/lib64/libm-2.17.so
fl=(59) /usr/src/debug////////glibc-2.17-c758a686/math/../sysdeps/x86_64/fpu/multiarch/s_floor.S
fn=(212) floor
25 1
+1 1
+1 1
+1 1
+2 1

fl=(52) /usr/src/debug/glibc-2.17-c758a686/math/../sysdeps/x86_64/fpu/multiarch/s_sin.c
fn=(198) cos
20 8

fl=(58) /usr/src/debug////////glibc-2.17-c758a686/math/../sysdeps/x86_64/fpu/multiarch/s_floorf.S
fn=(210) floorf
25 1
+1 1
+1 1
+1 1
+2 1

fl=(51) /usr/src/debug/glibc-2.17-c758a686/math/../sysdeps/x86_64/fpu/multiarch/e_exp.c
fn=(196) __exp_finite
15 8

fl=(56) /usr/src/debug////////glibc-2.17-c758a686/math/../sysdeps/x86_64/fpu/multiarch/s_rintf.S
fn=(206) rintf
25 1
+1 1
+1 1
+1 1
+2 1

fl=(55) ???
fn=(270) 0x0000000000005710
0 16

fn=(216) __atan2_finite
0 8

ob=(2) ???
fl=(16) ???
fn=(232) 0x0000000004a24510
0 6

fn=(562) 0x0000000000402b24
0 3

fn=(610) 0x0000000004c96318
0 3

fn=(302) 0x0000000000400980
0 6

ob=(4)
fl=(55)
fn=(204) __log_finite
0 8

fn=(604) 0x0000000000005660
0 9

fn=(590) 0x00000000000056d0
0 8
cob=(1)
cfi=(71) /usr/src/debug////////glibc-2.17-c758a686/elf/../sysdeps/x86_64/dl-trampoline.h
cfn=(289) _dl_runtime_resolve_xsave'2
calls=1 71 
0 1375
0 5
0 1
cfn=(604)
calls=1 0 
0 9
0 3

fn=(218) sin
0 8

fl=(53) /usr/src/debug////////glibc-2.17-c758a686/math/../sysdeps/x86_64/fpu/multiarch/s_rint.S
fn=(200) rint
25 1
+1 1
+1 1
+1 1
+2 1

fl=(57) /usr/src/debug/glibc-2.17-c758a686/math/../sysdeps/x86_64/fpu/multiarch/e_asin.c
fn=(208) __acos_finite
10 5

fn=(214) __asin_finite
16 5

fl=(54) /usr/src/debug/glibc-2.17-c758a686/math/../sysdeps/x86_64/fpu/multiarch/e_pow.c
fn=(202) __pow_finite
8 5

ob=(2)
fl=(16)
fn=(266) 0x0000000004c2b1a0
0 6

fn=(588) 0x0000000004a247a8
0 3

ob=(5) /usr/sup/valgrind-3.11.0/lib/valgrind/vgpreload_core-amd64-linux.so
fl=(61) ???
fn=(564) 0x0000000000000600
0 8
cob=(1)
cfi=(71)
cfn=(289)
calls=1 71 
0 1089
0 5
0 1
cfn=(582) 0x0000000000000570
calls=1 0 
0 9
0 3

fn=(582)
0 9

fn=(236) 0x0000000000000640
0 17

ob=(1)
fl=(41) /usr/src/debug/glibc-2.17-c758a686/elf/dl-version.c
fn=(154) _dl_check_map_versions
174 45
+15 5
-15 10
+15 10
+2 5
+3 5
-3 5
+2 5
+1 5
+2 5
-3 5
+3 5
+3 12
+4 18
+17 3
56 3
220 3
56 3
220 3
56 15
220 1
56 1
220 1
56 1
220 1
56 5
+1 14
-1 28
+2 54
cfi=(31) /usr/src/debug/glibc-2.17-c758a686/elf/dl-misc.c
cfn=(102) _dl_name_match_p
calls=18 304 
* 1240
* 40
228 12
+5 32
+20 4
-16 103
cfn=(156) match_symbol
calls=3 76 
* 584
* 15
cfn=(156)
calls=5 76 
* 919
* 8
+8 32
+3 32
+9 16
+5 1
+1 1
-80 2
-8 2
+96 15
+3 9
+10 28
-7 112
+3 84
-3 12
+3 9
+8 5
+86 5
-86 5
+87 8
-81 16
cfi=(17) /usr/src/debug/glibc-2.17-c758a686/elf/dl-minimal.c
cfn=(36) calloc
calls=4 102 
* 220
* 4
+1 4
-2 4
+2 4
+11 4
-3 4
+3 8
+2 12
+3 12
+4 12
+18 4
-15 12
+2 12
-2 12
+2 12
+2 8
+1 8
-1 16
+1 8
-1 8
+1 8
+1 8
-2 8
+2 16
+1 24
+3 24
+8 12
+5 1
+1 1
+4 12
+3 12
+20 28
-14 28
-2 28
+2 31
-2 3
+2 3
+4 28
+2 28
-1 56
+1 28
-1 84
+1 28
+1 28
+3 93
+10 4
-1 4
+1 28

fn=(156)
76 88
+9 8
-8 8
-1 16
+1 8
+8 8
+6 24
+18 16
+5 16
+14 136
+12 180
+4 60
-30 120
+16 8
+3 32
cfi=(19) /usr/src/debug////////glibc-2.17-c758a686/string/../sysdeps/x86_64/strcmp.S
cfn=(54) strcmp
calls=8 -1 
* 695
* 16
+35 64

fn=(152) _dl_check_all_versions
381 6
+4 4
-2 2
+4 35
cfn=(154)
calls=5 174 
* 4671
-2 5
+2 15
-1 5
-1 10
+5 7

fl=(18) /usr/src/debug////////glibc-2.17-c758a686/string/../sysdeps/x86_64/memcpy.S
fn=(68) mempcpy
61 32
+4 32
+3 32
+1 32
+2 13
+1 13
+2 13
+1 13
+5 13
+1 13
-1 19
+1 19
+2 19
+1 19
+2 19
+1 19
+5 19
+1 19
-1 13
+1 13
+2 12
+1 12
+2 12
+1 12
+5 12
+1 12
-1 20
+1 20
+2 18
+1 18
+2 18
+1 36
+5 18
+1 18
-1 14
+1 17
+5 3
+1 3
+1 3
+1 3
+2 3
+2 3
+1 3
+2 3
+6 32
+4 32
+12 1
+2 1
+1 1
+26 1
+1 1
+3 1
+1 1
+1 1
+5 1
+2 1
+1 1
+1 1
+1 1
+2 1
+1 1
+1 1
+1 1
+2 1
+1 1
+2 1
+2 1
+2 1
+1 1
+1 1
+1 1
+2 1
+1 1
+1 1
+1 1
+2 1
+1 1
+2 3
+5 1
+2 1

fn=(46) memcpy
61 23
+2 23
+2 23
+3 22
+1 22
+2 7
+1 7
+2 7
+1 7
+5 7
+1 7
-1 15
+1 15
+2 3
+1 3
+2 3
+1 6
+5 3
+1 3
-1 19
+1 19
+2 5
+1 5
+2 5
+1 5
+5 5
+1 5
-1 17
+1 17
+2 13
+1 13
+2 13
+1 13
+5 13
+1 13
-1 9
+1 18
+5 9
+1 9
+1 9
+1 9
+2 9
+2 9
+1 9
+2 9
+8 22
+8 4
+6 4
+2 4
+1 4
+3 1
+1 3
+5 1
+1 1
+2 1
+2 1
+1 1
+2 1
-8 2
+1 2
+2 2
+2 2
+1 2
+2 4
+9 1
+1 1
-1 3
+1 3
+3 4
+1 4
+1 4
+5 4
+2 4
+1 4
+1 4
+1 4
+2 4
+1 4
+1 4
+1 4
+2 4
+1 4
+2 4
+2 3
+2 3
+1 3
+1 3
+1 3
+2 3
+1 3
+1 3
+1 3
+2 3
+1 3
+2 9
+5 3
+6 3
+1 3
-7 1
+6 1
+1 1
+2 1

fl=(39) /usr/src/debug/glibc-2.17-c758a686/elf/dl-cache.c
fn=(138) _dl_load_cache_lookup
185 18
+8 4
+3 6
+45 4
+6 2
-6 1
+6 2
+8 2
+20 2
-20 2
+7 2
-7 2
+20 2
-20 2
+7 4
-7 2
+7 2
+13 317
cfn=(142) _dl_cache_libcmp
calls=20 139 
* 1446
* 91
-76 4
cfi=(31)
cfn=(140) _dl_sysdep_read_whole_file
calls=1 43 
* 94
+8 1
-8 1
+8 4
+1 4
cfi=(14) /usr/src/debug/glibc-2.17-c758a686/string/../string/memcmp.c
cfn=(30) bcmp
calls=1 309 
* 112
* 2
+7 1
-3 1
+3 3
+3 1
+1 2
-1 1
+1 1
+1 3
cfi=(14)
cfn=(30)
calls=1 +89 
* 165
* 2
+2 2
+53 28
cfn=(142)
calls=2 139 
* 144
* 10
-12 6
+12 2
-12 4
-1 4
+13 46
+16 4
+4 4
+8 4
cfi=(10) /usr/src/debug////////glibc-2.17-c758a686/string/../sysdeps/x86_64/rtld-strlen.S
cfn=(20) strlen
calls=2 26 
* 104
* 34
+1 2
-1 2
+1 4
cfi=(18)
cfn=(46)
calls=2 61 
* 54
+1 4
cfi=(40) /usr/src/debug/glibc-2.17-c758a686/string/strdup.c
cfn=(144) strdup
calls=2 40 
* 226
+1 16

fn=(142)
139 66
+1 48
+2 216
+2 108
-2 108
+2 4
+6 2
+2 2
-1 2
-1 2
+1 2
-1 2
+2 6
+2 10
+2 4
+6 212
+2 384
+4 86
+1 86
-29 172
+32 4
+1 4
-8 20
+8 40

fn=(224) _dl_unload_cache
316 4
-1 1
+3 2
cfi=(35) /usr/src/debug////////glibc-2.17-c758a686/misc/../sysdeps/unix/syscall-template.S
cfn=(226) munmap
calls=1 81 
* 5
+1 1
+2 2

fl=(9) /usr/src/debug/glibc-2.17-c758a686/elf/../sysdeps/x86/cpu-features.c
fn=(18) init_cpu_features.constprop.0
39 1
+7 1
-7 5
+7 1
-7 1
+10 1
-3 1
+3 5
188 2
+1 7
+7 3
+4 2
+2 4
+41 2
+4 4
+1 2
+3 1
+2 1
-2 3
+2 2
+3 2
+51 1
+1 1
+1 1
+1 8
206 2
+1 1
+6 3
+2 1
+3 3
+16 2
+1 1
+2 2
60 1
-31 2
+4 1
-4 1
+5 1
-1 1
+31 1
-30 1
+30 1
-31 1
+27 2
-26 1
+30 1
+1 1
-36 2
+3 1
+28 1
+5 1
+5 1
-17 1
+17 1
+3 1
+1 7
+67 5
-32 2
+22 3
+23 1
53 2

fl=(37) /usr/src/debug/glibc-2.17-c758a686/elf/dl-deps.c
fn=(128) _dl_map_object_deps
147 1
+1 1
-1 2
+1 1
-1 1
+1 1
-1 1
+1 2
-1 4
+1 2
-1 1
+1 2
-1 1
+1 10
+15 1
-15 1
+16 1
-2 1
+1 1
-15 1
+16 1
+6 3
+10 1
-10 1
+10 3
-14 1
-4 1
+2 1
+17 1
-17 1
-2 2
+2 1
-2 1
+2 1
-2 1
+1 1
+1 1
+6 3
+10 1
-10 1
+10 3
-16 4
+20 1
+21 1
+1 1
-22 2
+19 1
-12 1
+15 1
-16 1
+13 1
347 9
215 1
+4 1
-8 1
+8 2
-4 4
+4 4
-8 4
+8 8
+12 15
+2 6
+6 3
-6 6
+5 3
+1 3
+5 3
-4 3
+4 3
-4 3
+1 3
+3 3
-3 3
+3 6
-32 3
+32 6
+1 158
+6 20
cfi=(23) /usr/src/debug/glibc-2.17-c758a686/elf/dl-load.c
cfn=(130) _dl_dst_count
calls=5 +31 
* 446
* 15
+5 25
-3 5
+3 5
cfi=(29) /usr/src/debug/glibc-2.17-c758a686/elf/dl-error.c
cfn=(92) _dl_catch_error
calls=5 -97 
* 13657
+2 15
+15 5
+2 10
+19 10
+1 9
-51 316
475 10
+2 9
+3 6
-1 3
cfi=(17)
cfn=(40) malloc
calls=3 93 
* 102
* 3
+2 3
-2 3
+2 3
+3 3
+1 12
-1 3
+1 3
cfi=(18)
cfn=(46)
calls=3 61 
* 68
+1 15
cfi=(18)
cfn=(46)
calls=3 61 
* 68
+4 3
-1 3
+5 36
+3 12
-1 5
+1 10
204 1
501 6
+1 2
+3 6
+11 4
-1 1
cfi=(17)
cfn=(40)
calls=1 93 
* 34
* 1
+3 1
-3 1
+3 2
+5 7
+1 4
+2 11
+6 12
+4 4
-10 4
+10 4
-10 9
+6 3
+4 1
-10 1
+10 1
-10 3
+13 2
+53 4
+43 18
+1 1
-1 3
-1 1
+2 1
cfi=(36) /usr/src/debug////////glibc-2.17-c758a686/string/../sysdeps/x86_64/rtld-memset.S
cfn=(120) memset
calls=1 30 
* 16
* 11
+5 1
-1 1
+7 1
-6 1
+6 1
-11 9
+5 3
-1 3
+7 3
-6 3
+6 6
+2 12
+1 6
-1 12
+1 9
+3 21
-1 30
+23 6
-28 12
+31 12
+3 30
cfi=(36)
cfn=(120)
calls=3 30 
* 30
* 12
280 18
+6 3
-6 6
+3 3
+1 3
+1 3
+1 3
+4 15
-2 12
-37 8
-20 8
-19 4
+7 10
+1 22
+2 3
+2 9
+2 22
+71 222
688 2
+2 1
+1 1
-1 1
+9 3
+3 2
+3 8
226 26
628 10
cfi=(18)
cfn=(46)
calls=1 61 
* 42
+2 4
+33 3

fn=(132) openaux
60 10
+7 5
-4 15
+1 5
-1 5
+1 5
-1 25
cfi=(23)
cfn=(100) _dl_map_object
calls=5 2114 
* 13282
* 5
+5 10

fl=(8) /usr/src/debug/glibc-2.17-c758a686/elf/../sysdeps/unix/sysv/linux/x86_64/brk.c
fn=(14) brk
31 1
-3 1
+3 6
+8 1
-6 2
+7 1

fl=(14)
fn=(30)
309 17
+3 17
-3 85
+4 17
-4 17
+7 34
+4 15
+2 1
+1 1
+1 1
+1 1
+2 2
-5 4
+1 4
+1 4
+1 4
+2 8
+2 5
-9 15
+16 5
+1 10
-1 10
129 14
-15 6
340 4
+4 3
+2 3
-2 6
+1 3
+5 30
+2 13
+1 13
+1 13
+3 148
-3 86
-2 86
+1 86
+4 172
-7 192
+12 12
+1 136
225 3
-7 3
+1 3
+4 3
+2 3
-6 3
+4 3
+2 12
-92 2
+1 2
+1 2
+1 2
+1 2
+48 2
-2 2
+1 2
+1 14
-77 2
+1 4
+4 4
-5 8
+1 16
+4 18
231 2
+2 2
-4 2
+1 2
+4 2
-2 2
+56 4
-2 2
+2 4
-1 2
+1 4
+1 4
-31 1
-6 1
+1 1
+1 1
+4 1
+43 18
+1 6
-6 4

fl=(42) /usr/src/debug/glibc-2.17-c758a686/elf/dl-reloc.c
fn=(164) _dl_relocate_object
148 50
+15 5
-15 10
+15 5
+1 20
+6 10
+6 15
-18 6
+22 6
+8 10
-33 5
+78 5
fi=(5) /usr/src/debug/glibc-2.17-c758a686/elf/../sysdeps/x86_64/dl-machine.h
76 5
fe=(42)
233 10
fi=(5)
76 15
fe=(42)
259 224
159 15
fi=(5)
299 24
fe=(42)
-40 3
fi=(4) /usr/src/debug/glibc-2.17-c758a686/elf/do-rel.h
48 3
fe=(42)
259 3
fi=(4)
58 3
fe=(42)
259 3
fi=(4)
47 6
+11 6
fe=(42)
259 2
159 10
fi=(5)
299 16
fe=(42)
-40 2
fi=(4)
48 2
fe=(42)
259 2
fi=(4)
58 2
fe=(42)
259 2
fi=(4)
47 4
+11 4
fe=(42)
259 5
fi=(4)
48 5
fe=(42)
259 5
fi=(4)
58 5
fe=(42)
259 5
fi=(4)
47 10
+11 10
+3 12
fi=(5)
508 68
+4 68
+2 102
+1 34
fi=(4)
61 135
+2 138
+2 38
-4 3
+13 6
+1 5
+1 24
fi=(5)
508 12
+24 12
fi=(4)
75 12
fi=(5)
532 12
+2 12
cob=(4)
cfi=(55)
cfn=(218)
calls=1 0 
* 8
cob=(4)
cfi=(55)
cfn=(216)
calls=1 0 
* 8
cob=(4)
cfi=(57)
cfn=(214)
calls=1 16 
* 5
cob=(4)
cfi=(59)
cfn=(212)
calls=1 25 
* 5
cob=(4)
cfi=(58)
cfn=(210)
calls=1 25 
* 5
cob=(4)
cfi=(57)
cfn=(208)
calls=1 10 
* 5
cob=(4)
cfi=(56)
cfn=(206)
calls=1 25 
* 5
cob=(4)
cfi=(55)
cfn=(204)
calls=1 0 
* 8
cob=(4)
cfi=(54)
cfn=(202)
calls=1 8 
* 5
cob=(4)
cfi=(53)
cfn=(200)
calls=1 25 
* 5
cob=(4)
cfi=(52)
cfn=(198)
calls=1 20 
* 8
cob=(4)
cfi=(51)
cfn=(196)
calls=1 15 
* 8
fi=(4)
75 12
fi=(5)
535 12
fi=(4)
75 14
fe=(42)
259 3
fi=(4)
75 9
fe=(42)
259 27
+3 15
+24 5
+3 10
+17 15
+2 40
fi=(4)
84 7
+2 14
+12 7
-15 7
+15 7
-15 7
+15 7
+10 10
+3 13
fi=(5)
498 9
fi=(4)
111 12
fi=(5)
498 3585
fi=(4)
111 4780
+7 21
+3 6
+3 6
-3 6
+3 6
-74 4
fi=(5)
425 4
fi=(4)
51 4
fi=(5)
425 16
fi=(4)
127 516
+9 244
+3 244
fi=(5)
267 122
fi=(4)
138 122
-2 122
+1 488
fi=(5)
267 122
+21 244
+4 244
+7 1545
fi=(4)
137 90
fi=(5)
299 180
fi=(4)
137 90
fi=(5)
299 90
fi=(4)
138 90
fi=(5)
299 180
fi=(4)
137 90
fi=(5)
299 283
fi=(4)
137 13
fi=(5)
299 26
fi=(4)
137 13
fi=(5)
299 13
fi=(4)
138 13
fi=(5)
299 26
fi=(4)
137 13
fi=(5)
299 1275
cfi=(6) /usr/src/debug/glibc-2.17-c758a686/elf/dl-lookup.c
cfn=(170) _dl_lookup_symbol_x
calls=103 716 
* 106268
* 412
+2 327
+3 115
-3 230
+3 345
+6 854
fe=(42)
177 10
+1 2
+2 4
+79 10
fi=(5)
82 6
+4 9
+14 3
-8 3
+8 6
+20 6
+11 12
418 315
fi=(4)
124 399
+19 8
+1 26
+1 21
+3 14
+4 14
-1 7
-3 7
+1 7
+1 7
-1 14
fi=(5)
299 28
+2 7
+3 7
-3 7
+3 21
471 14
+1 7
cob=(3)
cfi=(50)
cfn=(192)
calls=1 0 
* 15
cob=(3)
cfi=(49)
cfn=(190)
calls=1 30 
* 22
cob=(3)
cfi=(48)
cfn=(188)
calls=1 27 
* 8
cob=(3)
cfi=(44)
cfn=(186)
calls=1 120 
* 5
cob=(3)
cfi=(47)
cfn=(184)
calls=1 30 
* 5
cob=(3)
cfi=(45)
cfn=(180)
calls=1 36 
* 22
cob=(3)
cfi=(44)
cfn=(178)
calls=1 100 
* 5
+1 14
299 39
fi=(4)
129 26
fi=(5)
299 26
+91 39
+4 65
+5 65
-71 2
+1 3
454 9
+4 18
cfi=(18)
cfn=(46)
calls=3 61 
* 54
+2 9
+1 3
fi=(4)
108 3
fe=(42)
314 10
+1 5
+1 5
-1 5
-1 10
+2 5
+3 10
+1 15
cfi=(35)
cfn=(118) mprotect
calls=5 81 
* 25
* 10
fi=(5)
124 12
-2 6
299 14
fi=(4)
129 3
+31 8
+2 20
+8 10
+1 5
-1 5
+1 5
fi=(5)
+96 5
fi=(4)
-97 10
fi=(5)
+97 5
+21 10
+4 10
+7 135
cfi=(6)
cfn=(170)
calls=5 716 
* 5414
* 20
+2 15
+3 1
-3 2
+3 3
+6 35
418 15
fi=(4)
160 15
+14 5
fi=(5)
299 155
fe=(42)

fl=(31)
fn=(102)
304 545
+1 218
cfi=(19)
cfn=(54)
calls=109 132 
* 770
* 109
+1 109
-1 109
+3 109
+2 218
+4 110
-4 220
+1 351
cfi=(19)
cfn=(54)
calls=117 132 
* 2156
* 234
-5 7
+11 137
-1 102
+1 408

fn=(140)
43 1
+7 1
-7 3
+7 1
-7 1
+1 1
-1 2
+7 1
cfi=(32) /usr/src/debug////////glibc-2.17-c758a686/io/../sysdeps/unix/syscall-template.S
cfn=(106) open
calls=1 +31 
* 5
+1 1
-1 1
+1 1
+2 4
cfi=(33) /usr/src/debug/glibc-2.17-c758a686/io/../sysdeps/unix/sysv/linux/wordsize-64/fxstat.c
cfn=(114) _fxstat
calls=1 -18 
* 10
* 2
+2 1
+3 1
-3 1
+3 1
+13 2
cfi=(32)
cfn=(124) close
calls=1 +10 
* 5
+3 7
-14 6
cfi=(34) /usr/src/debug/glibc-2.17-c758a686/misc/../sysdeps/unix/sysv/linux/wordsize-64/mmap.c
cfn=(116) mmap
calls=1 -28 
* 33
* 2

fl=(32)
fn=(108) read
81 12
+1 3

fn=(126) access
81 4
+2 5

fn=(124)
81 16
+1 4

fn=(106)
81 56
+1 4
+1 50

fl=(15) /usr/src/debug/glibc-2.17-c758a686/elf/dl-object.c
fn=(32) _dl_new_object
62 44
+1 4
-1 8
+1 4
cfi=(10)
cfn=(20)
calls=4 -37 
* 202
+6 4
-6 12
+6 44
+7 16
cfi=(17)
cfn=(36)
calls=4 +26 
* 225
* 4
+3 4
-3 4
+3 4
+4 4
+5 4
-6 4
+6 4
-5 4
+5 4
-1 8
+1 4
cfi=(18)
cfn=(46)
calls=4 -27 
* 120
* 4
+4 4
-2 4
+3 4
-1 4
+1 16
+3 4
-3 4
+3 4
+9 4
-7 4
+4 4
+3 9
+2 2
-2 2
+2 30
-2 30
+12 4
+6 4
-5 4
-1 4
+6 12
-2 4
+2 8
+2 9
+3 9
+4 9
+4 9
+2 1
+6 1
+3 2
+3 5
-3 6
+3 15
+2 3
+4 3
-4 3
cfi=(10)
cfn=(20)
calls=3 26 
* 165
* 6
+4 3
-4 3
+4 9
+64 6
+4 32
-88 9
-39 9
+39 3
+70 9
cfi=(18)
cfn=(68)
calls=3 61 
* 108
* 3
+5 50
+1 50
-1 50
+1 53
-1 3
+1 9
+5 6
-57 6
cfi=(17)
cfn=(40)
calls=3 -67 
* 102
* 3
+1 3
-1 3
+1 9

fn=(48) _dl_add_to_namespace_list
33 8
+2 4
-2 12
+2 4
cfi=(2)
cfn=(50)
calls=4 787 
* 8
+2 29
+4 6
-1 27
+2 3
+2 3
+4 3
+4 3
-4 6
+1 6
+1 6
+2 3
+1 9
-1 3
cfi=(2)
cfn=(52)
calls=3 793 
* 6
-4 1
+4 1
-4 2
+1 2
+1 2
+2 1
+1 3
-1 1
cfi=(2)
cfn=(52)
calls=1 793 
* 2
-5 2

fl=(22) /usr/src/debug////////glibc-2.17-c758a686/posix/../sysdeps/unix/syscall-template.S
fn=(62) uname
81 4
+1 1

fl=(40)
fn=(144)
40 8
+1 2
cfi=(10)
cfn=(20)
calls=2 -15 
* 68
* 2
+1 4
cfi=(17)
cfn=(40)
calls=2 +51 
* 68
* 2
+2 4
+4 2
-1 4
+1 4
-1 4
cfi=(18)
cfn=(46)
calls=2 +14 
* 54

fl=(11) /usr/src/debug/glibc-2.17-c758a686/elf/../misc/sbrk.c
fn=(22) sbrk
34 4
+8 6
+4 2
+11 5

fl=(13) /usr/src/debug/glibc-2.17-c758a686/elf/dl-environ.c
fn=(28) _dl_next_ld_env_entry
30 3
+3 11
+2 134
+11 65
-13 195
-2 1
+19 1
-14 20
+5 2
-3 2
+3 2
+2 2

fl=(26) /usr/src/debug/glibc-2.17-c758a686/elf/dl-debug.c
fn=(86) _dl_debug_state
75 2

fn=(82) _dl_debug_initialize
51 10
+5 8
+5 2
-1 1
+1 2
+1 2
-1 2
-9 5
+4 10
+4 1
-1 1
-59 5

fl=(2)
fn=(2) _dl_start
430 9
+18 4
fi=(3) /usr/src/debug/glibc-2.17-c758a686/elf/get-dynamic-info.h
44 1
fe=(2)
448 1
fi=(5)
59 3
fi=(3)
-15 1
fe=(2)
474 1
-3 1
fi=(3)
44 1
+17 2
-3 1
-7 1
+5 1
+3 1
+2 1
-3 1
-3 1
-3 2
-5 28
+15 14
-18 42
+18 1
-18 3
+2 40
+5 24
+1 20
+10 5
-18 15
+25 2
+20 4
+1 4
+1 4
+1 4
+2 4
+5 4
+1 4
+1 4
fe=(2)
496 34
fi=(4)
111 1
-28 1
+28 2
fi=(5)
498 3
fi=(4)
111 2
fi=(5)
498 1
fi=(4)
111 1
fi=(5)
498 27
fi=(4)
111 18
fi=(5)
498 9
fi=(4)
111 9
+13 1
fi=(5)
310 1
fi=(4)
124 2
+13 1
+2 2
-2 1
fi=(5)
264 1
fi=(4)
137 1
fi=(5)
292 1
fi=(4)
137 2
fi=(5)
292 1
fi=(4)
137 8
+2 16
-2 8
fi=(5)
264 8
fi=(4)
137 8
fi=(5)
292 8
fi=(4)
137 16
fi=(5)
292 8
+9 18
+3 9
-3 18
+3 27
+6 54
fi=(3)
53 4
+3 4
+3 4
+1 1
+1 2
fe=(2)
378 1
498 1
378 1
cfi=(6)
cfn=(10) _dl_setup_hash
calls=1 865 
* 23
+1 2
+1 2
+1 2
+1 2
+9 1
+9 1
-9 3
+9 1
-6 1
-3 1
+9 1
cfi=(7) /usr/src/debug/glibc-2.17-c758a686/elf/../elf/dl-sysdep.c
cfn=(12) _dl_sysdep_start
calls=1 86 
* 163696
* 1
+9 4
+3 1
+4 1
-4 1
+4 1
523 9
fi=(5)
399 9
+9 9
fi=(4)
124 28
fe=(2)

fn=(50)
787 12

fn=(98) map_doit
579 2
+2 7
cfi=(23)
cfn=(100)
calls=1 2114 
* 2589
* 1
+2 2

fn=(94) _dl_initial_error_catch_tsd
747 14

fn=(24) dl_main
875 10
+19 1
2464 1
875 1
2464 1
875 1
+19 1
+3 1
-22 2
+22 1
+4 2
+1 2
+5 2
2457 2
+7 1
-5 1
+5 4
+5 1
cfi=(12) /usr/src/debug/glibc-2.17-c758a686/elf/dl-tunables.c
cfn=(26) _dl_process_tunable_env_entries
calls=1 37 
* 411
* 1
-9 4
+11 2
cfi=(13)
cfn=(28)
calls=1 30 
* 34
* 4
cfi=(13)
cfn=(28)
calls=2 30 
* 404
* 9
+4 48
+1 19
-1 57
+3 4
+6 16
2632 3
+30 3
915 2
-2 1
+2 1
1111 7
cfi=(15)
cfn=(32)
calls=1 62 
* 244
* 1
+3 1
+1 1
+5 2
-5 1
+1 1
884 1
1116 1
+4 1
cfi=(15)
cfn=(48)
calls=1 33 
* 34
* 3
+30 1
-3 1
-5 1
+1 1
+2 1
+5 6
+56 2
881 1
1206 2
-55 24
-1 27
+1 47
-1 2
1253 3
+3 2
+2 2
+2 2
+13 2
+1 8
cfi=(19)
cfn=(54)
calls=1 132 
* 7
* 3
+11 1
-4 1
+1 1
-3 1
+6 1
+6 2
fi=(3)
29 1
+9 2
+6 1
-2 1
+2 2
+7 1
+5 1
+3 1
+2 1
-3 1
-3 1
-3 14
+10 3
-18 9
+8 21
+10 21
-18 63
+2 48
+5 12
+18 3
+67 3
+14 3
+18 2
fe=(2)
1296 2
cfi=(6)
cfn=(10)
calls=1 865 
* 14
+3 2
fi=(20) /usr/src/debug/glibc-2.17-c758a686/elf/setup-vdso.h
24 2
fe=(2)
1321 1
cfi=(21) /usr/src/debug/glibc-2.17-c758a686/elf/../sysdeps/unix/sysv/linux/dl-sysdep.c
cfn=(60) _dl_discover_osversion
calls=1 45 
* 93
* 8
1155 3
+1 1
+90 2
+1 2
+1 1
-6 2
+1 1
-37 2
-1 2
+1 4
-1 2
+2 4
+1 1
+3 2
+1 2
-1 2
+1 2
+1 2
+1 6
+1 2
-45 1
+9 1
-9 1
+9 1
-7 1
+25 1
-25 1
-3 1
+10 1
-19 3
+1 1
2559 4
+1 4
cfi=(14)
cfn=(30)
calls=1 309 
* 120
* 2
+2 3
-57 4
cfi=(14)
cfn=(30)
calls=1 309 
* 26
* 2
+7 4
cfi=(14)
cfn=(30)
calls=1 309 
* 80
* 2
+2 3
1326 2
cfi=(23)
cfn=(64) _dl_init_paths
calls=1 739 
* 2284
+3 3
cfi=(26)
cfn=(82)
calls=1 51 
* 17
+7 1
-7 1
+2 1
+5 1
+3 3
+1 1
+3 1
-3 3
+1 2
+3 1
+5 1
-7 1
+7 1
+1 5
+4 1
+4 1
-2 4
+1 2
+1 3
+5 2
+1 6
+2 2
+1 2
+5 2
+6 4
+1 2
-2 1
890 1
1558 1
cfi=(27) /usr/src/debug/glibc-2.17-c758a686/elf/../elf/dl-tls.c
cfn=(84) _dl_count_modids
calls=1 111 
* 4
* 1
+8 3
+3 2
+4 3
+7 1
+4 3
+19 3
+16 3
cfi=(32)
cfn=(126)
calls=1 81 
* 9
* 2
+77 4
+17 3
+1 1
-1 1
+1 2
-1 1
+1 5
cfi=(37)
cfn=(128)
calls=1 147 
* 16146
+1 1
+5 1
-5 3
+2 2
+3 4
+1 4
-1 2
+1 16
-1 8
+4 3
+1 3
+1 1
+2 2
+1 5
-1 5
+1 6
-1 9
-28 11
168 2
1742 1
-1 2
+1 1
+2 1
+2 3
+2 1
-4 1
+4 2
+15 2
+1 3
+13 1
-2 1
+2 1
-2 1
+2 1
-1 1
-1 2
+2 1
cfi=(29)
cfn=(148) _dl_receive_error
calls=1 197 
* 4800
+10 1
+1 1
-1 1
+1 1
+1 1
cfn=(158) init_tls
calls=1 678 
* 626
* 1
+2 2
802 1
fi=(112) /usr/src/debug/glibc-2.17-c758a686/elf/../sysdeps/unix/sysv/linux/dl-osinfo.h
86 2
fe=(2)
804 1
fi=(112)
112 1
fe=(2)
813 1
+7 1
-5 1
1796 2
2029 3
+56 1
+4 1
+7 1
-11 1
+4 3
+4 2
+3 1
+8 2
+99 4
+2 1
+5 2
cfi=(27)
cfn=(220) _dl_allocate_tls_init
calls=1 443 
* 254
+4 2
+12 2
+29 1
cfi=(7)
cfn=(222) _dl_sysdep_start_cleanup
calls=1 251 
* 1
+4 3
+20 3
cfi=(26)
cfn=(82)
calls=1 51 
* 8
+1 1
-1 1
+2 1
cfi=(26)
cfn=(86)
calls=1 75 
* 1
+1 1
+4 1
cfi=(39)
cfn=(224)
calls=1 316 
* 15
+5 8
1315 3
1605 3
+1 1
-1 2
+1 1
cfn=(88) handle_ld_preload
calls=1 840 
* 3603
* 1
+1 4
+2 3
-31 2
+1 1
cfi=(26)
cfn=(86)
calls=1 75 
* 1
* 1
2226 2
+15 1
+3 1
-3 1
+3 1
-3 2
+3 2
-3 1
+2 1
+1 1
cfi=(42)
cfn=(164)
calls=1 148 
* 10269
+1 4
+2 3
2079 1
883 2
1739 2
2150 3
+7 1
+2 11
+2 1
+2 15
+5 10
+2 10
+8 5
-2 5
+2 10
+1 32
cfi=(42)
cfn=(164)
calls=4 148 
* 122307
+4 17
-22 14
+25 4
+2 1
+6 1
-6 1
+6 1
1700 6
+1 1
-1 2
+4 1
+1 1
-1 1
+2 2
2172 1
+1 1
-3 2
+14 2
cfi=(27)
cfn=(194) _dl_add_to_slotinfo
calls=1 879 
* 24
* 1

fn=(158)
678 1
-1 1
-6 1
+2 2
+4 1
+10 2
-4 1
+4 2
cfi=(17)
cfn=(36)
calls=1 102 
* 43
* 1
-1 1
+6 1
-9 1
+11 1
+6 1
-1 1
+1 12
+2 10
+4 1
+2 1
-2 2
-5 10
+12 1
cfi=(27)
cfn=(160) _dl_determine_tlsoffset
calls=1 144 
* 56
+7 1
cfi=(27)
cfn=(162) _dl_allocate_tls_storage
calls=1 349 
* 455
+1 1
-1 1
+1 1
+6 1
+4 1
-4 1
+4 6
+3 2
+3 2

fn=(150) version_check_doit
611 2
+2 4
cfi=(41)
cfn=(152)
calls=1 381 
* 4760
* 2
+4 2

fn=(52)
793 12

fn=(88)
840 9
+1 1
-76 1
+86 1
-11 2
-75 6
+80 3
fi=(28) /usr/src/debug/glibc-2.17-c758a686/elf/../string/bits/string2.h
984 3
+1 5
-1 264
+1 132
+1 66
-2 66
+2 66
-2 199
+2 1
-2 3
fe=(2)
849 3
+10 4
108 3
862 2
760 1
+5 5
-10 1
+4 1
+1 1
+1 1
+2 1
+2 1
cfi=(29)
cfn=(92)
calls=1 159 
* 2659
+1 2
+8 3
+89 1
-18 3
+21 9
-15 4
cfi=(18)
cfn=(46)
calls=1 61 
* 66
* 1
+1 3

fl=(29)
fn=(148)
197 10
+1 1
cfi=(2)
cfn=(94)
calls=1 747 
* 2
+5 1
-1 1
-4 1
+9 1
+2 1
-3 1
+3 1
cfi=(2)
cfn=(150)
calls=1 611 
* 4770
+2 1
+1 1
+1 8

fn=(92)
159 42
+9 6
+2 6
cfi=(2)
cfn=(94)
calls=6 747 
* 12
* 6
+1 6
+2 12
-2 6
+2 6
cfi=(30) /usr/src/debug////////glibc-2.17-c758a686/setjmp/../sysdeps/x86_64/setjmp.S
cfn=(96) __sigsetjmp
calls=6 26 
* 120
+1 12
+2 12
+1 12
-1 6
+1 6
cfi=(37)
cfn=(132)
calls=5 60 
* 13367
cfi=(2)
cfn=(98)
calls=1 579 
* 2601
+1 6
+4 6
-4 6
+1 12
+1 12
+1 12
+10 24

fl=(17)
fn=(36)
102 10
+7 30
-3 10
+3 20
+4 10
cfn=(40)
calls=10 -20 
* 441
* 10

fn=(40)
93 28
+1 56
cfn=(44) __libc_memalign
calls=28 -43 
* 941
* 28

fn=(72) strsep
337 3
+1 6
+4 64
+7 156
-2 106
+4 2
+6 26
-15 79
+18 1
+4 1
-4 1
+4 2
-11 2
+1 1

fn=(44)
51 116
+1 143
+11 28
+1 28
-1 28
+3 28
-3 28
+3 56
-3 1
+1 1
-1 1
+3 1
-3 1
+3 106
+4 12
+1 9
+6 21
cfi=(34)
cfn=(116)
calls=3 -45 
* 99
+2 15
+4 9
+3 3
+1 3
+2 15
-3 26
+1 26
+2 208
-31 3
+1 1
-2 3

fn=(80) free
121 5
-2 10
+2 5
+7 10

fl=(34)
fn=(116)
32 11
+1 11
-1 99
+1 27
+1 110
+2 77
-3 26

fl=(72) /usr/src/debug/glibc-2.17-c758a686/elf/../elf/dl-runtime.c
fn=(290) _dl_fixup
66 24
+6 24
-6 12
+3 12
-1 12
+1 12
+3 12
+1 12
-1 24
+1 36
+1 12
-1 12
+1 24
+9 24
+4 36
+4 22
+1 44
+2 44
+7 36
-1 12
+11 108
cfi=(6)
cfn=(170)
calls=12 716 
* 14009
* 12
+4 36
+10 72
+16 12
-8 12
+8 36
+4 36
fi=(5)
+88 12
fe=(72)
-84 36
-64 2

fl=(35)
fn=(226)
81 4
+1 1

fn=(118)
81 32
+1 8

fl=(27)
fn=(162)
349 1
+13 1
-13 2
+2 1
+11 2
cfi=(17)
cfn=(44)
calls=1 51 
* 78
* 1
+1 1
-1 1
+1 1
+7 1
+4 306
-58 1
+1 1
-1 1
+1 2
cfi=(17)
cfn=(36)
calls=1 102 
* 43
* 1
+1 2
+9 1
-6 1
+6 1
+64 5

fn=(146) _dl_next_tls_modid
52 3
+48 2
+4 1

fn=(160)
144 1
+34 1
-34 1
+34 2
-45 1
+1 1
+2 1
-3 1
+2 1
-2 1
+43 1
-43 2
+50 1
-1 1
+5 2
-4 1
-1 1
+7 1
-7 1
+3 2
+2 1
+2 1
-2 2
+16 5
+2 1
+1 1
-1 2
+4 1
+6 1
-12 1
-25 5
+40 1
+53 4
-1 1
+1 3
-52 1
+52 1

fn=(220)
443 7
+1 1
-1 1
+1 1
+4 1
+6 2
-6 2
+6 2
+12 1
-15 1
-1 2
+21 6
+6 12
+3 1
+1 2
+7 1
+2 1
-2 2
+2 3
+1 1
+3 2
-1 2
+18 1
-2 1
-8 1
+8 2
-8 1
+8 1
cfi=(18)
cfn=(68)
calls=1 61 
* 23
* 4
cfi=(36)
cfn=(120)
calls=1 30 
* 150
* 2
-38 3
+52 2
+2 1
+1 8

fn=(194)
879 6
+6 1
+3 2
+5 5
+41 1
+1 3
+1 6

fn=(84)
111 2
+1 2

fl=(12)
fn=(26)
37 1
-8 1
+8 1
+1 4
+4 134
+15 67
-19 201
+22 2

fl=(71)
fn=(288) _dl_runtime_resolve_xsave
71 1
+3 1
+2 1
+10 1
+6 1
+1 1
+1 1
+1 1
+1 1
+1 1
+1 1
+4 1
+1 1
+3 1
+1 1
+2 1
+1 1
+1 1
+1 1
+1 1
+1 1
+2 1
+13 1
+1 1
+1 1
cfi=(72)
cfn=(290)
calls=1 -65 
* 1531
+1 1
+5 1
+1 1
+1 1
+2 1
+1 1
+1 1
+1 1
+1 1
+1 1
+1 1
+2 1
+2 1
+4 1
+3 1

fn=(289)
71 11
+3 11
+2 11
+10 11
+6 11
+1 11
+1 11
+1 11
+1 11
+1 11
+1 11
+4 11
+1 11
+3 11
+1 11
+2 11
+1 11
+1 11
+1 11
+1 11
+1 11
+2 11
+13 11
+1 11
+1 11
cfi=(72)
cfn=(290)
calls=11 -65 
* 13298
+1 11
+5 11
+1 11
+1 11
+2 11
+1 11
+1 11
+1 11
+1 11
+1 11
+1 11
+2 11
+2 11
+4 11
+3 11

fl=(7)
fn=(222)
251 1

fn=(12)
86 7
+25 1
-1 1
+1 1
-25 1
+25 210
+6 1
-3 1
+1 1
-4 1
+3 1
+3 4
+1 6
-1 3
-29 1
-1 2
+31 108
-1 86
fi=(21)
-82 2
cfi=(8)
cfn=(14)
calls=1 -4 
* 12
fi=(5)
221 5
+4 1
cfi=(9)
cfn=(18)
calls=1 39 
* 122
fe=(7)
+1 3
+1 1
cfi=(10)
cfn=(20)
calls=1 26 
* 41
* 1
+2 2
cfi=(11)
cfn=(22)
calls=1 34 
* 17
* 3
+12 3
+3 6
cfi=(2)
cfn=(24)
calls=1 875 
* 163014
+2 9
-67 1
+1 1
-29 1
+1 1
+11 1
+1 1
-7 1
+1 1
-4 1
+1 1
-25 1
+1 1
-4 1
+1 1
-7 1
+1 1
+2 1
+1 1

fl=(25) /usr/src/debug////////glibc-2.17-c758a686/string/../sysdeps/x86_64/rtld-strchr.S
fn=(76) index
38 11
+1 11
+1 11
+1 11
+1 5
+1 5
+3 5
+1 5
+1 5
-2 18
+1 18
+1 18
+1 23
+1 23
+1 23
+1 23
+1 23
+9 11
+1 11
+1 11
+2 22
+32 11
+1 11
+1 11
+1 11
+2 11
+3 11
-8 2
+1 2
+1 2
+1 2
+2 2
+3 2
+1 13
+1 13
+1 13
+2 13
+5 12
+1 12
+1 12
+3 12
+1 11
+1 11
+1 11
+2 11
+3 9
+1 9
+1 9
+1 9
+2 9
+3 9
+1 9
+1 9
+1 9
+2 9
+5 9
+1 9
+1 9
+3 9
+1 8
+1 8
+1 8
+2 8
+2 3
+1 3
+1 3
+1 3
+2 3
+3 3
+1 3
+1 3
+1 3
+2 3
+5 3
+1 3
+1 3
+3 3
+1 3
+1 3
+1 3
+2 3
+2 2
+1 2
+1 2
+1 2
+2 2
+3 2
+1 2
+1 2
+1 2
+2 2
+5 2
+1 2
+1 2
+3 2
+1 2
+1 2
+1 2
+2 2
+4 10
+1 10
+11 1
+1 1
+1 1
+1 1
+47 1
+1 1

fl=(38) /usr/src/debug/glibc-2.17-c758a686/io/../sysdeps/unix/sysv/linux/wordsize-64/xstat.c
fn=(136) _xstat
35 8
-1 8
+1 8
+1 48
+4 2
-4 24

fl=(60) /usr/src/debug/glibc-2.17-c758a686/elf/dl-init.c
fn=(230) _dl_init
90 10
+5 1
-4 1
-1 1
+2 1
+3 2
+7 6
+28 3
+1 4
-97 3
+97 16
-97 12
+9 4
-3 8
+3 12
+5 9
+5 4
+8 4
+2 4
+4 8
cob=(2)
cfi=(16)
cfn=(266)
calls=1 -67 
* 6
cob=(3)
cfi=(62)
cfn=(244)
calls=1 -15 
* 148
+4 2
+1 4
+6 4
+2 4
-2 2
+3 12
+1 8
cob=(4)
cfi=(55)
cfn=(270)
calls=1 -82 
* 16
cob=(3)
cfi=(67)
cfn=(254)
calls=1 -1 
* 11
* 4
cob=(3)
cfi=(68)
cfn=(256)
calls=1 478 
* 1879
* 3
-1 10
+49 10
+4 1
+1 8
-86 4
-15 3
+9 1
-3 2
+3 3
+5 3
+5 2
+8 2
+2 2
+4 5
cob=(2)
cfi=(16)
cfn=(232)
calls=1 -67 
* 6
* 1
+4 1
+1 2
+6 2
+2 2
-2 1
+3 6
+1 4
cob=(5)
cfi=(61)
cfn=(236)
calls=1 -82 
* 17
* 1
-1 4
+17 2
-54 3

fl=(30)
fn=(96)
26 6
+9 6
+1 12
+1 6
+4 6
+1 6
+1 6
+1 6
+1 6
+2 12
+2 6
+1 6
+1 6
+2 12
+2 6
+4 6
+1 6

fl=(10)
fn=(20)
26 20
+1 20
+1 20
+1 20
+2 8
+1 8
+2 8
+1 8
-1 17
+1 17
+1 24
+1 24
+1 24
+2 38
+5 19
+1 19
+1 19
+1 19
+3 19
-6 6
+1 6
+1 6
+1 6
+3 6
+1 21
+1 21
+1 21
+2 21
+3 19
+1 19
+1 19
+1 19
+3 19
+1 14
+1 14
+1 14
+2 14
+3 11
+1 11
+1 11
+1 11
+3 11
+1 7
+1 7
+1 7
+2 7
+3 6
+1 6
+1 6
+1 6
+3 6
+1 6
+1 6
+1 6
+2 6
+3 19
+2 19
+1 19
+1 15
+2 15
+1 15
+1 13
+2 13
+1 13
+1 11
+2 11
+1 11
+1 7
+2 7
+2 7
+1 7
+1 5
+2 5
+1 5
+1 5
+2 5
+1 5
+1 2
+2 2
+1 2
-1 18
+1 18

fl=(24) /usr/src/debug/glibc-2.17-c758a686/elf/dl-hwcaps.c
fn=(66) _dl_important_hwcaps
39 8
+2 1
-2 1
+3 1
-3 2
+3 1
-3 1
+2 3
+1 2
+9 1
-10 1
+10 2
+10 4
+42 1
+3 17
+1 1
-1 4
+30 2
+8 2
+2 3
+1 2
+1 2
+3 2
+7 1
-7 1
+1 1
+7 1
-1 1
+4 3
+1 1
-1 6
+1 1
+18 12
+1 4
cfi=(17)
cfn=(40)
calls=1 -89 
* 34
* 1
+1 1
-1 1
+1 4
+26 1
+3 1
-3 2
+3 1
+28 9
+1 2
-1 2
+1 6
-1 8
+5 6
+3 1
-3 1
+3 2
-3 1
+3 1
-3 2
+3 1
-3 1
+3 2
-3 1
+3 3
+1 12
+1 4
-1 4
+1 8
-2 4
+1 8
-1 14
+4 4
+3 1
+2 2
-1 1
-1 2
+2 10
+13 2
+1 1
-1 1
+3 2
-3 2
+1 1
-1 1
+3 2
+3 3
+3 9
-65 4
cfi=(18)
cfn=(68)
calls=1 61 
* 22
+1 2
-1 2
+1 1
cfi=(18)
cfn=(68)
calls=1 61 
* 22
* 4

fl=(19)
fn=(54)
132 664
+1 664
+1 664
+1 357
+1 357
+1 357
+1 357
cfn=(55) strcmp'2
calls=357 -6 
* 14041
+5 307
+1 307
+1 307
+1 307

fn=(55)
132 1961
+1 1961
+1 1961
+1 1761
+1 1761
+1 1761
+1 1761
cfn=(55)
calls=1604 -6 
* 66493
+2 157
+1 157
+2 200
+1 200
+1 200
+1 200

fl=(21)
fn=(60)
45 7
+2 3
+85 8
-45 3
cfi=(22)
cfn=(62)
calls=1 -6 
* 5
* 1
+15 1
-15 1
+20 1
-1 1
+3 12
+4 3
-2 6
+2 10
+2 1
+1 2
-3 4
+7 3
-1 3
+4 3
-2 3
+2 10
+5 2

fl=(23)
fn=(70) fillin_rpath
504 7
+2 1
-2 9
+4 3
cfi=(17)
cfn=(72)
calls=1 337 
* 243
* 6
cfi=(17)
cfn=(72)
calls=2 337 
* 207
* 9
+4 2
+3 2
-4 2
+4 2
+27 25
+1 10
+57 4
cfi=(17)
cfn=(80)
calls=2 121 
* 12
* 2
* 2
-39 4
+4 6
+1 6
-1 2
+1 2
-2 2
cfi=(17)
cfn=(40)
calls=2 93 
* 68
* 2
+3 2
-3 2
+3 6
+5 2
+1 6
-2 2
+2 2
cfi=(18)
cfn=(68)
calls=2 61 
* 58
+3 2
-3 2
+3 2
-2 2
+2 2
+1 1
+5 4
+1 2
-1 4
+1 26
+1 20
+3 2
-1 4
+1 2
+7 2
+1 2
+3 6
-81 6
cfn=(74) expand_dynamic_string_token
calls=2 -83 
* 382
+3 2
-3 2
+3 2
+5 4
cfi=(10)
cfn=(20)
calls=2 26 
* 82
+1 4
+7 12
+5 8
+23 4
+43 1
+3 9
-74 4
+59 4

fn=(64)
739 1
+13 2
-13 8
+13 3
cfi=(24)
cfn=(66)
calls=1 39 
* 346
+5 1
-5 1
+5 1
cfi=(17)
cfn=(40)
calls=1 93 
* 34
* 1
+1 1
-1 1
-1 1
+2 1
+8 1
-1 1
+1 1
-1 4
+5 4
cfi=(17)
cfn=(40)
calls=1 93 
* 34
* 1
+2 1
-2 1
-1 1
+3 1
+7 1
+10 1
+9 1
-20 1
+12 1
-1 1
+3 1
+1 1
-1 1
+6 9
+1 10
+2 2
-12 1
+12 1
-14 1
+2 1
+3 1
-2 1
+3 1
-1 8
+1 3
+6 11
-1 2
+14 1
-11 1
+6 1
+1 1
+5 2
+4 3
+32 4
-16 1
-2 1
+2 2
+18 2
cfi=(10)
cfn=(20)
calls=1 26 
* 84
* 20
cfi=(18)
cfn=(46)
calls=1 61 
* 31
+5 1
-5 1
+5 3
-1 2
+2 1
+1 3
-2 4
+1 26
+1 78
-2 105
+5 1
cfi=(17)
cfn=(40)
calls=1 93 
* 34
* 1
+1 1
-2 1
+2 1
+6 7
cfn=(70)
calls=1 504 
* 1331
+3 3
+6 1
+4 8
-37 2
-46 2

fn=(100)
2114 6
+12 12
-12 6
+12 6
-12 54
+12 6
-12 12
+12 12
+12 30
-12 45
+5 54
+1 36
+2 54
cfi=(31)
cfn=(102)
calls=18 304 
* 1245
* 39
2419 48
2161 6
+11 12
-56 6
+92 6
-2 3
+2 3
cfi=(25)
cfn=(76)
calls=3 38 
* 159
* 6
2350 5
cfn=(74)
calls=1 434 
* 390
+1 1
-3 1
+4 1
-1 2
+4 6
cfn=(104) open_verify
calls=1 1684 
* 338
+3 1
-3 1
+3 1
+12 9
+2 6
+44 3
+1 21
-1 3
+1 15
cfn=(110) _dl_map_object_from_fd
calls=3 919 
* 6550
* 3
2212 4
cfi=(10)
cfn=(20)
calls=2 26 
* 95
* 2
+2 2
-2 2
+2 2
+7 8
+35 4
+1 30
cfn=(134) open_path
calls=2 1965 
* 1872
* 6
+6 12
716 2
2264 2
716 4
2342 4
-97 10
+21 4
+6 8
+2 6
+4 4
cfi=(39)
cfn=(138)
calls=2 185 
* 3019
+2 2
-2 2
+2 2
+5 6
+8 4
+28 20
cfn=(104)
calls=2 1684 
* 1236
+3 2
-3 2
+3 4
+1 4
-79 14
716 2
2247 2
716 4
2225 2
+8 10
-7 4
-1 2
+8 16
-3 6
716 2
2231 2
716 4
2139 45
+3 6
+2 6
-1 12
+1 6
cfi=(19)
cfn=(54)
calls=6 132 
* 105
* 12

fn=(74)
434 24
285 6
434 3
285 3
cfi=(25)
cfn=(76)
calls=3 38 
* 269
+3 3
-3 3
+3 3
161 6
cfi=(10)
cfn=(20)
calls=3 26 
* 186
* 3
+1 6
cfi=(17)
cfn=(40)
calls=3 -69 
* 102
* 3
+2 6
459 3
167 6
459 18
167 6
cfi=(18)
cfn=(46)
calls=3 61 
* 113

fn=(130)
282 5
+3 5
-3 20
+3 5
cfi=(25)
cfn=(76)
calls=5 38 
* 361
+3 5
-3 5
+3 5
+1 5
+19 30

fn=(110)
919 33
+11 3
-11 3
+11 3
-11 9
+11 3
cfi=(26)
cfn=(82)
calls=3 51 
* 24
+4 9
-4 3
+4 3
cfi=(33)
cfn=(114)
calls=3 35 
* 30
* 6
+11 21
+1 9
-1 27
+1 36
476 3
1636 24
963 6
+25 6
+10 6
+22 3
-89 3
+89 9
+35 21
cfi=(15)
cfn=(32)
calls=3 62 
* 1451
+1 3
-1 3
+1 3
+11 6
+5 3
-5 3
+1 6
+1 3
+2 3
-2 3
+2 12
+1 9
+1 3
+24 57
+8 3
-8 6
+8 3
-8 9
+8 3
+99 3
1098 3
1204 3
1099 3
-11 3
1204 6
+8 12
1106 45
-1 184
+1 133
+6 6
+1 9
+1 3
+9 30
+6 12
+1 6
-1 24
+7 24
+11 6
+2 6
-1 6
+4 6
-5 6
+1 6
-1 12
+2 6
-1 6
+2 6
+3 6
+4 6
-9 6
+2 6
+1 6
+1 6
+1 6
+4 6
+1 9
+5 6
-16 3
+16 15
+10 3
-10 6
-16 3
+16 15
+10 3
+3 3
+5 1
-1 1
+3 1
-1 1
-1 1
+1 1
+3 3
+1 2
+3 2
+4 4
+6 1
cfi=(27)
cfn=(146)
calls=1 52 
* 6
* 2
+1 1
+60 6
+1 9
+1 3
-6 6
+1 3
1117 2
+1 7
1265 9
+13 24
+2 6
+14 3
+5 18
cfi=(34)
cfn=(116)
calls=3 32 
* 105
+4 3
-4 3
+4 3
+7 3
+1 3
-1 3
+1 3
+2 3
-3 3
+1 3
+2 3
+10 3
+2 3
+33 18
+1 9
+2 12
+8 24
+6 3
+2 3
-2 3
+1 3
+2 3
-1 3
+1 3
-1 9
+8 6
+3 6
+11 21
cfi=(36)
cfn=(120)
calls=3 30 
* 1998
+1 15
+5 6
+15 6
-74 30
+2 12
+2 24
cfi=(34)
cfn=(116)
calls=3 32 
* 93
* 6
1068 3
1424 12
+9 6
fi=(3)
38 3
fe=(23)
1433 3
fi=(3)
38 3
+6 3
-2 3
+2 6
+7 3
+5 3
+3 3
-1 3
-3 3
-3 66
+10 15
-18 45
+8 58
+10 58
-18 174
+18 2
-18 6
+2 150
+5 68
+2 8
+16 6
+20 12
+1 12
+1 12
+1 12
+2 12
+5 12
+1 11
+1 11
+35 9
+5 2
+2 2
-2 2
+2 2
+2 4
+2 4
+1 1
+2 9
+10 2
-8 4
+9 4
-1 2
+5 4
+1 2
+2 6
fe=(23)
1439 6
+16 9
+19 6
+2 15
+51 9
+1 2
+3 2
cfi=(32)
cfn=(124)
calls=1 81 
* 5
* 4
cfi=(32)
cfn=(124)
calls=2 81 
* 10
* 6
+8 15
+3 9
+2 3
-2 3
+2 3
+16 6
cfi=(6)
cfn=(10)
calls=3 865 
* 60
+4 6
+1 6
+17 6
+1 1
+3 1
+6 1
-6 1
+1 2
+5 1
-6 2
+6 2
-6 2
+1 4
+5 2
+10 6
+10 9
cfi=(15)
cfn=(48)
calls=3 33 
* 132
+4 9
fi=(3)
56 8
fe=(23)
1320 3
-1 15
cfi=(35)
cfn=(118)
calls=3 81 
* 15
* 3
fi=(3)
59 8
+1 2
+1 8
fe=(23)
1362 10
+2 2
-1 6
+1 4
-1 2
+1 4
-1 4
+3 8
+43 8
cfi=(34)
cfn=(116)
calls=1 32 
* 31
+3 2
1539 6
940 2

fn=(134)
1965 16
+1 2
-1 10
+7 2
-7 2
+1 2
+6 4
+5 34
+74 2
-74 2
-7 2
-1 2
+82 2
-22 2
-52 2
+52 8
-40 2
-9 2
+9 4
-9 2
+9 2
+7 16
cfi=(18)
cfn=(68)
calls=4 61 
* 116
+1 4
-1 4
+1 12
-13 8
+33 16
-20 38
+3 32
+4 80
cfi=(18)
cfn=(68)
calls=10 61 
* 198
* 40
cfi=(18)
cfn=(68)
calls=10 61 
* 230
* 10
+3 10
+3 20
+3 70
cfn=(104)
calls=10 1684 
* 400
* 10
+2 30
+26 8
+2 6
+36 2
+27 16
-84 16
+1 72
+6 16
+2 24
-2 8
+2 8
cfi=(38)
cfn=(136)
calls=8 35 
* 98
* 16
+1 2
+2 2
-2 2
+2 16
+7 4
-44 4
+37 12
+7 12
-44 14
+85 20
+7 4
-2 4
+2 12
+3 6
+14 6
-72 12

fn=(104)
1684 130
+36 13
-36 26
+36 26
+21 52
cfi=(32)
cfn=(106)
calls=13 81 
* 105
+1 13
-1 13
+1 13
+11 3
+1 6
+5 18
cfi=(32)
cfn=(108)
calls=3 81 
* 15
+2 6
+2 3
+2 3
-2 3
+2 3
-2 3
+8 6
+16 15
cfi=(14)
cfn=(30)
calls=3 309 
* 258
* 6
+2 3
-2 6
+4 12
cfi=(14)
cfn=(30)
calls=3 309 
* 240
-4 6
+60 6
+5 6
+3 12
+5 6
+7 15
+1 12
+1 3
+15 12
1747 6
1884 112
+1 42
+4 6
+1 2
-1 2
+29 2
+1 2
+2 2
-3 2
+1 2
-1 2
+1 2
-2 2
+4 4
+5 2
+1 2
-13 8
cfi=(14)
cfn=(30)
calls=2 309 
* 146
* 8
cfi=(14)
cfn=(30)
calls=2 309 
* 160
* 8
+16 4
+6 2
-3 2
+1 2
+1 2
+1 4
+11 6
cfi=(17)
cfn=(80)
calls=3 121 
* 18
* 3
* 3
+4 34
1732 10
1951 70
-14 6
-4 2
+1 2
+1 2
-1 6
-1 2
+4 4
1787 8
cfi=(14)
cfn=(30)
calls=2 309 
* 176
* 4

fl=(107)
fn=(548)
132 3
+12 1
-12 5
+19 1
-6 1
+9 10
+3 2
cfi=(2)
cfn=(50)
calls=1 787 
* 2
+3 2
+3 2
+2 7
+11 3
+2 2
+3 21
+11 2
+2 10
+4 5
+2 5
-2 10
+6 5
-5 5
-7 15
+19 6
cfn=(550) _dl_sort_fini
calls=1 33 
* 352
+9 2
cfi=(2)
cfn=(52)
calls=1 793 
* 2
+4 4
+2 1
+2 3
-2 4
+2 12
+3 10
+3 15
+4 6
+7 6
+4 3
+1 3
-1 3
+2 6
+1 9
+1 6
cob=(4)
cfi=(55)
cfn=(590)
calls=1 0 
* 1401
cob=(5)
cfi=(61)
cfn=(564)
calls=1 0 
* 1115
cob=(6)
cfi=(70)
cfn=(552) 0x0000000000400c00
calls=1 0 
* 13
-1 9
+5 9
+1 9
cob=(2)
cfi=(16)
cfn=(610)
calls=1 0 
* 3
cob=(2)
cfi=(16)
cfn=(588)
calls=1 0 
* 3
cob=(2)
cfi=(16)
cfn=(562)
calls=1 0 
* 3
+5 30
+16 10
-55 11
-70 2
284 6
-49 4
+55 2
+7 8

fn=(550)
33 8
+2 1
-2 3
+2 1
+6 1
-1 3
+1 2
-1 1
+1 14
+1 3
-1 1
+1 1
cfi=(36)
cfn=(120)
calls=1 -12 
* 16
+15 8
+62 5
+3 24
cfi=(36)
cfn=(120)
calls=3 -92 
* 30
* 12
-76 9
+1 9
+4 9
+71 2
-76 3
+1 3
+4 11
+6 4
+1 4
-1 4
+1 10
+2 12
+1 6
-1 12
+1 9
+3 21
-1 30
+31 18
+21 6
-57 12
+61 16
+7 8

fl=(36)
fn=(120)
30 12
+1 12
+1 12
+1 2180
+1 12
+1 12

fl=(33)
fn=(114)
35 4
-1 4
+1 4
+1 24
+4 4

fl=(1) ???
fn=(0) 0x0000000000001140
0 2
cfi=(2)
cfn=(2)
calls=1 430 
0 164405
0 14
cfi=(60)
cfn=(230)
calls=1 90 
0 2324
0 3
cob=(6)
cfi=(70)
cfn=(280) 0x0000000000400b5a
calls=1 0 
0 10148623072

fl=(6)
fn=(176) check_match.9524
132 5572
+1 1592
+2 1592
+2 1170
-2 780
+12 1170
+3 2044
cfi=(19)
cfn=(54)
calls=316 -18 
* 5656
* 632
+5 109
-1 109
+1 109
-1 109
+1 109
+2 214
+19 214
+1 856
+46 654
-18 4
+2 4
+1 8
-1 4
+1 2
-1 4
+9 281
+7 4122
-45 321
cfi=(19)
cfn=(54)
calls=107 -46 
* 9300
* 428
-43 812
+81 1218

fn=(172) do_lookup_x
82 1080
+1 120
-6 120
+5 360
-5 840
+11 120
+1 120
233 120
-3 120
+3 120
-3 360
98 120
-3 120
+1 120
+2 120
+3 120
-3 120
+3 120
-3 364
-3 364
+1 364
+2 364
+3 364
-3 364
+3 364
+4 992
+4 962
+4 962
+7 1443
+4 962
+1 1443
226 481
+1 962
+4 498
-2 249
+5 996
+4 498
-1 498
+1 249
-1 498
+21 145
+24 744
462 2049
+1 365
cfi=(31)
cfn=(102)
calls=73 304 
* 3427
* 438
+3 1125
+3 22
287 808
+4 266
+13 109
+1 109
-1 109
+1 109
+1 109
470 960
241 432
-1 216
+2 216
+2 321
+10 327
-7 1065
+2 208
+1 416
-1 624
+1 312
cfn=(176)
calls=104 132 
* 16636
+1 520
+11 1376
+6 1196
+2 2748
-2 687
+2 687
-2 687
+4 4844
cfn=(176)
calls=692 132 
* 22563
+1 3465
-10 120
fi=(43) /usr/src/debug/glibc-2.17-c758a686/elf/../sysdeps/generic/dl-hash.h
32 120
-1 120
+1 600
+2 240
+1 360
+2 240
+1 360
+2 240
+1 360
+2 111
+1 111
-1 111
+2 333
+3 2850
+1 1900
+13 1900
-17 2850
+22 666
fe=(6)
263 222
fi=(43)
67 45
fe=(6)
263 18

fn=(10)
865 15
+4 3
+4 6
+2 3
-1 3
+4 3
+4 3
-4 3
+1 6
+2 3
-2 3
+3 3
+2 3
+1 3
+1 12
+1 3
+3 6
+2 2
+2 2
+2 2
+1 2
+1 2
-4 2
+4 4

fn=(170)
716 1440
477 120
716 240
477 360
-1 240
+2 120
-1 120
+1 360
-1 360
+1 1421
-1 1421
+1 4263
-1 4503
718 120
+4 120
+9 120
-13 120
+15 120
-14 240
+14 120
-2 120
+6 960
+2 1560
cfn=(172)
calls=120 82 
* 102878
+3 240
+3 11
-8 44
-7 240
+40 240
+24 109
+1 763
+26 109
+9 545
+14 327
+3 436
+5 109
+2 960
-82 77
+18 11
+1 22
+54 2

ob=(6)
fl=(93) /usr/sup/src/cii40/src/uarray.c
fn=(386) UArrayRep_init
18 33
+2 6
-2 6
+4 9
+1 9
+1 6
+1 12
+3 6

fn=(434) UArray_resize
47 110
+3 22
+2 44
+3 121
cfi=(92) /usr/sup/src/cii40/src/mem.c
cfn=(436) Mem_resize
calls=11 -14 
* 35683
* 33
+1 33
+1 44

fn=(470) UArray_free
29 18
+1 12
-1 3
+2 21
cfi=(92)
cfn=(472) Mem_free
calls=3 +5 
* 158
* 9
+1 18
cfi=(92)
cfn=(472)
calls=3 +4 
* 309
* 6
+1 6

fl=(91) /usr/sup/src/cii40/src/seq.c
fn=(456) Seq_get
54 1236731040
+2 494692416
-2 123673104
+3 371019312
+1 1113057936
-1 494692416
+2 494692416

fn=(432) expand
16 44
+1 33
+1 66
cfi=(93)
cfn=(434)
calls=11 +29 
* 36090
+1 44
+6 22

fn=(490) Seq_put
60 30841052
+3 11214928
-3 2803732
+4 8411196
+1 25233588
-1 14018660
+2 8411196
+1 25233588
-1 8411196
+1 5607464
+1 2803732
+1 11214928

fn=(454) Seq_length
50 8840958
+2 2946986
+1 2946986

fn=(518) Seq_remhi
70 262556
+3 75016
-3 75016
+4 300064
+1 112524
+1 337572
-1 150032
+2 150032

fn=(370) Seq_new
26 21
+3 15
cfi=(92)
cfn=(372) Mem_calloc
calls=3 -7 
* 2150
* 3
+1 6
+3 9
-1 12
cfi=(92)
cfn=(380) Mem_alloc
calls=3 -24 
* 5661677
* 24
cfi=(93)
cfn=(386)
calls=3 -14 
* 87
+2 3
+1 12

fn=(492) Seq_remlo
78 6968430
+1 1393686
-1 2787372
+4 2787372
-4 2787372
+5 4181058
+1 12543174
-1 6968430
+2 15330546
+1 6968430
+1 1393686
+1 5574744

fn=(430) Seq_addhi
89 12413072
+3 9309804
+1 33
cfn=(432)
calls=11 -77 
* 36299
+1 9309804
+1 4654902
+1 13964706
-1 4654902
+1 3103268
-1 1551634
+2 6206536

fn=(468) Seq_free
45 18
+1 12
-1 3
+3 9
cfi=(93)
cfn=(470)
calls=3 -19 
* 560
+1 6

fl=(70)
fn=(556) 0x0000000000400b90
0 5

fn=(306) 0x0000000000400c30
0 11

fn=(552)
0 5
cfn=(556)
calls=1 0 
0 5
0 3

fn=(280)
0 11
cob=(1)
cfi=(71)
cfn=(288)
calls=1 71 
0 10148623056
0 5

fn=(300)
0 16
cob=(2)
cfi=(16)
cfn=(302)
calls=1 0 
0 6
0 7
cfn=(306)
calls=1 0 
0 11
0 11

fl=(102) /h/atsuet01/comp40/HW/UM_optimized/bitpack.c
fn=(458) Bitpack_newu
98 240880
+1 1324840
-33 240880
-30 602200
-3 722640
-12 1806600
+3 451650
+12 632310
-16 120440

fl=(78)
fn=(486) map_segment
526 22637344
cob=(3)
cfi=(80)
cfn=(330)
calls=1414834 2894 
* 141510467
* 1414834
* 1414834
+1 7074170
+1 34037560
+4 4244502
cfi=(91)
cfn=(454)
calls=1414834 50 
* 14148340
* 2829668
+1 2787372
cfi=(91)
cfn=(492)
calls=1393686 78 
* 69684300
* 2787372
+2 1393686
cob=(3)
cfi=(80)
cfn=(464)
calls=1393686 2930 
* 124037594
* 1393686
+1 5574744
cfi=(91)
cfn=(490)
calls=1393686 60 
* 76652730
+1 12543174
+3 63444
cfi=(91)
cfn=(430)
calls=21148 89 
* 888216
+1 42296
cfi=(91)
cfn=(454)
calls=21148 50 
* 211480
* 211480

fn=(368) run_program
140 9
cfi=(91)
cfn=(370)
calls=1 26 
* 3104
* 2
+1 1
cob=(1)
cfi=(71)
cfn=(289)
calls=1 -70 
* 1546
* 5
* 1
+1 1
+1 240880
cob=(3)
cfi=(80)
cfn=(330)
calls=120440 2894 
* 22724720
* 120440
* 361320
+2 120440
cfi=(91)
cfn=(430)
calls=120440 -56 
* 5094812
+2 240880
cob=(3)
cfi=(94)
cfn=(392)
calls=120440 35 
* 4458600
* 120440
* 361320
cob=(3)
cfi=(99)
cfn=(428)
calls=120440 35 
* 4335840
* 120440
* 2
cob=(1)
cfi=(71)
cfn=(289)
calls=1 -76 
* 1194
* 5
* 240882
+2 2
cfi=(91)
cfn=(454)
calls=1 -99 
* 10
+1 5
+1 2
cob=(3)
cfi=(80)
cfn=(330)
calls=1 2894 
* 344
* 1
* 1
+2 5
+1 3
cfi=(91)
cfn=(456)
calls=1 54 
* 35
* 361317
cfi=(91)
cfn=(456)
calls=120439 54 
* 4215365
* 722640
+1 361320
cfi=(102)
cfn=(458)
calls=120440 -57 
* 6142440
* 361320
+2 240880
+1 120440
+3 90330
cob=(3)
cfi=(80)
cfn=(464)
calls=30110 2930 
* 2679790
* 30110
* 270990
cob=(3)
cfi=(80)
cfn=(464)
calls=90329 2930 
* 8039277
cob=(1)
cfi=(71)
cfn=(289)
calls=1 -90 
* 1403
* 90334
* 240880
+2 2
cfi=(91)
cfn=(468)
calls=1 45 
* 206
+2 2
cfi=(91)
cfn=(370)
calls=1 26 
* 5660077
* 3
+1 1
cfi=(91)
cfn=(430)
calls=1 -77 
* 42
+1 2
cfi=(91)
cfn=(370)
calls=1 26 
* 838
* 3
+2 1
cob=(3)
cfi=(80)
cfn=(330)
calls=1 2894 
* 363
* 1
* 1
+1 2
+1 34
+40 3
cfi=(91)
cfn=(456)
calls=1 54 
* 35
* 255211563
cfi=(91)
cfn=(456)
calls=85070521 54 
* 2977468235
+1 340282088
-36 170141044
+1 85070522
cfn=(476) parse_instruction
calls=85070522 +81 
* 5822597416
+2 425352607
+8 2
cob=(3)
cfi=(80)
cfn=(464)
calls=1 2930 
* 85
* 1
+1 1
+2 42298
cfi=(91)
cfn=(518)
calls=21149 70 
* 824811
+1 84598
cfi=(91)
cfn=(454)
calls=21150 50 
* 211500
* 42300
+3 2
cfi=(91)
cfn=(468)
calls=1 45 
* 201
+1 1
+1 32718
cfi=(91)
cfn=(518)
calls=16359 70 
* 638001
+1 65438
cfi=(91)
cfn=(454)
calls=16360 50 
* 163600
* 32720
+3 2
cfi=(91)
cfn=(468)
calls=1 45 
* 201
* 7
-8 9578
cob=(3)
cfi=(80)
cfn=(464)
calls=4789 2930 
* 426702
* 4789
* 4789
+6 32718
cob=(3)
cfi=(80)
cfn=(464)
calls=16359 2930 
* 1455951
* 16359
* 16359
-18 2
cob=(3)
cfi=(80)
cfn=(464)
calls=1 2930 
* 149134
* 1
+1 4
cfi=(91)
cfn=(490)
calls=1 60 
* 55
+1 1

fn=(480) run_instruction
302 97891424
+1 342619984
489 21939216
-84 10985676
+1 12311150
306 97306520
cfn=(484) segmented_load
calls=19461304 427 
* 992526504
+3 81003740
cfn=(482) segmented_store
calls=16200748 445 
* 826238148
460 18846240
+15 629490
+29 30071230
312 9903838
cfn=(486)
calls=1414834 526 
* 527583293
+3 9870315
cfn=(488) unmap_segment
calls=1410045 589 
* 547545865
fi=(103) /usr/include/bits/stdio.h
81 905
cob=(3)
cfi=(104)
cfn=(500)
calls=180 -56 
* 16942
cob=(1)
cfi=(71)
cfn=(289)
calls=1 -10 
* 1677
* 185
fe=(78)

fn=(318)
82 3
+4 3
cob=(1)
cfi=(71)
cfn=(289)
calls=1 -15 
* 59793
* 5
* 1
+1 2
+5 2
cfn=(368)
calls=1 +48 
* 10148556148
+2 2
cob=(1)
cfi=(71)
cfn=(289)
calls=1 -23 
* 1753
* 5
+1 3

fn=(482)
445 145806732
cfi=(91)
cfn=(456)
calls=16200748 54 
* 567026180
+1 113405236

fn=(488)
589 11280360
+1 2820090
cfi=(91)
cfn=(456)
calls=1410045 54 
* 49351575
* 2820090
+6 2820090
cob=(3)
cfi=(80)
cfn=(330)
calls=1410045 2894 
* 138776471
* 1410045
* 4230135
+2 1410045
cfi=(91)
cfn=(430)
calls=1410045 89 
* 59221890
+1 4230135
cfi=(91)
cfn=(456)
calls=1410045 54 
* 49351575
* 1410045
+2 1410045
cob=(3)
cfi=(80)
cfn=(464)
calls=1410045 2930 
* 125350349
* 1410045
+1 5640180
cfi=(91)
cfn=(490)
calls=1410045 60 
* 77552475
* 7050225

fn=(484)
427 175151736
cfi=(91)
cfn=(456)
calls=19461304 54 
* 681145640
+2 136229128

fn=(478) load_program
691 42853308
+2 28568872

fn=(476)
258 255211566
+1 340282086
+2 222657863
+9 105033642
+1 157550463
+2 105033642
+4 105033642
+5 342619984
cfn=(480)
calls=48945712 +20 
* 3627292342
+1 244728561
-5 7142218
cfn=(478)
calls=3571109 691 
* 71422180
+1 10713327
-17 97661100
706 65107400
267 65107400

fl=(92)
fn=(436)
41 121
+3 55
cob=(3)
cfi=(80)
cfn=(442)
calls=10 2964 
* 33676
cob=(1)
cfi=(71)
cfn=(289)
calls=1 +27 
* 1750
* 15
* 11
+1 22
+7 11
+1 22

fn=(380)
8 24
+3 9
cob=(3)
cfi=(80)
cfn=(330)
calls=2 2894 
* 5660177
cob=(1)
cfi=(71)
cfn=(289)
calls=1 +60 
* 1442
* 7
* 3
+1 6
+7 3
+1 6

fn=(472)
36 36
+1 12
+1 18
cob=(3)
cfi=(80)
cfn=(464)
calls=6 2930 
* 383
* 6
+1 12

fn=(372)
22 33
+4 15
cob=(3)
cfi=(80)
cfn=(378)
calls=2 3179 
* 528
cob=(1)
cfi=(71)
cfn=(289)
calls=1 +45 
* 1549
* 7
* 3
+1 6
+7 3
+1 6

totals: 10148789820
