version: 1
creator: callgrind-3.11.0
pid: 9897
cmd:  ./um
part: 1


desc: I1 cache: 
desc: D1 cache: 
desc: LL cache: 

desc: Timerange: Basic block 0 - 35893
desc: Trigger: Program termination

positions: line
events: Ir
summary: 174819


ob=(2) ???
fl=(16) ???
fn=(412) 0x0000000004c96318
0 3

fn=(302) 0x0000000000400980
0 6

fn=(266) 0x0000000004c2b1a0
0 6

fn=(390) 0x0000000004a247a8
0 3

fn=(232) 0x0000000004a24510
0 6

fn=(364) 0x0000000000402b24
0 3

ob=(1) /usr/lib64/ld-2.17.so
fl=(39) /usr/src/debug/glibc-2.17-c758a686/elf/dl-cache.c
fn=(138) _dl_load_cache_lookup
185 18
+8 4
+3 6
+45 4
+6 2
-6 1
+6 2
+8 2
+20 2
-20 2
+7 2
-7 2
+20 2
-20 2
+7 4
-7 2
+7 2
+13 317
cfn=(142) _dl_cache_libcmp
calls=20 139 
* 1446
* 91
-76 4
cfi=(31) /usr/src/debug/glibc-2.17-c758a686/elf/dl-misc.c
cfn=(140) _dl_sysdep_read_whole_file
calls=1 43 
* 94
+8 1
-8 1
+8 4
+1 4
cfi=(14) /usr/src/debug/glibc-2.17-c758a686/string/../string/memcmp.c
cfn=(30) bcmp
calls=1 309 
* 112
* 2
+7 1
-3 1
+3 3
+3 1
+1 2
-1 1
+1 1
+1 3
cfi=(14)
cfn=(30)
calls=1 +89 
* 165
* 2
+2 2
+53 28
cfn=(142)
calls=2 139 
* 144
* 10
-12 6
+12 2
-12 4
-1 4
+13 46
+16 4
+4 4
+8 4
cfi=(10) /usr/src/debug////////glibc-2.17-c758a686/string/../sysdeps/x86_64/rtld-strlen.S
cfn=(20) strlen
calls=2 26 
* 104
* 34
+1 2
-1 2
+1 4
cfi=(18) /usr/src/debug////////glibc-2.17-c758a686/string/../sysdeps/x86_64/memcpy.S
cfn=(46) memcpy
calls=2 61 
* 54
+1 4
cfi=(40) /usr/src/debug/glibc-2.17-c758a686/string/strdup.c
cfn=(144) strdup
calls=2 40 
* 226
+1 16

fn=(142)
139 66
+1 48
+2 216
+2 108
-2 108
+2 4
+6 2
+2 2
-1 2
-1 2
+1 2
-1 2
+2 6
+2 10
+2 4
+6 212
+2 384
+4 86
+1 86
-29 172
+32 4
+1 4
-8 20
+8 40

fn=(224) _dl_unload_cache
316 4
-1 1
+3 2
cfi=(35) /usr/src/debug////////glibc-2.17-c758a686/misc/../sysdeps/unix/syscall-template.S
cfn=(226) munmap
calls=1 81 
* 5
+1 1
+2 2

fl=(9) /usr/src/debug/glibc-2.17-c758a686/elf/../sysdeps/x86/cpu-features.c
fn=(18) init_cpu_features.constprop.0
39 1
+7 1
-7 5
+7 1
-7 1
+10 1
-3 1
+3 5
188 2
+1 7
+7 3
+4 2
+2 4
+41 2
+4 4
+1 2
+3 1
+2 1
-2 3
+2 2
+3 2
+51 1
+1 1
+1 1
+1 8
206 2
+1 1
+6 3
+2 1
+3 3
+16 2
+1 1
+2 2
60 1
-31 2
+4 1
-4 1
+5 1
-1 1
+31 1
-30 1
+30 1
-31 1
+27 2
-26 1
+30 1
+1 1
-36 2
+3 1
+28 1
+5 1
+5 1
-17 1
+17 1
+3 1
+1 7
+67 5
-32 2
+22 3
+23 1
53 2

fl=(22) /usr/src/debug////////glibc-2.17-c758a686/posix/../sysdeps/unix/syscall-template.S
fn=(62) uname
81 4
+1 1

fl=(26) /usr/src/debug/glibc-2.17-c758a686/elf/dl-debug.c
fn=(82) _dl_debug_initialize
51 10
+5 8
+5 2
-1 1
+1 2
+1 2
-1 2
-9 5
+4 10
+4 1
-1 1
-59 5

fn=(86) _dl_debug_state
75 2

fl=(42) /usr/src/debug/glibc-2.17-c758a686/elf/dl-reloc.c
fn=(164) _dl_relocate_object
148 50
+15 5
-15 10
+15 5
+1 20
+6 10
+6 15
-18 6
+22 6
+8 10
-33 5
+78 5
fi=(5) /usr/src/debug/glibc-2.17-c758a686/elf/../sysdeps/x86_64/dl-machine.h
76 5
fe=(42)
233 10
fi=(5)
76 15
fe=(42)
259 224
159 15
fi=(5)
299 24
fe=(42)
-40 3
fi=(4) /usr/src/debug/glibc-2.17-c758a686/elf/do-rel.h
48 3
fe=(42)
259 3
fi=(4)
58 3
fe=(42)
259 3
fi=(4)
47 6
+11 6
fe=(42)
259 2
159 10
fi=(5)
299 16
fe=(42)
-40 2
fi=(4)
48 2
fe=(42)
259 2
fi=(4)
58 2
fe=(42)
259 2
fi=(4)
47 4
+11 4
fe=(42)
259 5
fi=(4)
48 5
fe=(42)
259 5
fi=(4)
58 5
fe=(42)
259 5
fi=(4)
47 10
+11 10
+3 12
fi=(5)
508 68
+4 68
+2 102
+1 34
fi=(4)
61 135
+2 138
+2 38
-4 3
+13 6
+1 5
+1 24
fi=(5)
508 12
+24 12
fi=(4)
75 12
fi=(5)
532 12
+2 12
cob=(4) /usr/lib64/libm-2.17.so
cfi=(55) ???
cfn=(218) sin
calls=1 0 
* 8
cob=(4)
cfi=(55)
cfn=(216) __atan2_finite
calls=1 0 
* 8
cob=(4)
cfi=(57) /usr/src/debug/glibc-2.17-c758a686/math/../sysdeps/x86_64/fpu/multiarch/e_asin.c
cfn=(214) __asin_finite
calls=1 16 
* 5
cob=(4)
cfi=(59) /usr/src/debug////////glibc-2.17-c758a686/math/../sysdeps/x86_64/fpu/multiarch/s_floor.S
cfn=(212) floor
calls=1 25 
* 5
cob=(4)
cfi=(58) /usr/src/debug////////glibc-2.17-c758a686/math/../sysdeps/x86_64/fpu/multiarch/s_floorf.S
cfn=(210) floorf
calls=1 25 
* 5
cob=(4)
cfi=(57)
cfn=(208) __acos_finite
calls=1 10 
* 5
cob=(4)
cfi=(56) /usr/src/debug////////glibc-2.17-c758a686/math/../sysdeps/x86_64/fpu/multiarch/s_rintf.S
cfn=(206) rintf
calls=1 25 
* 5
cob=(4)
cfi=(55)
cfn=(204) __log_finite
calls=1 0 
* 8
cob=(4)
cfi=(54) /usr/src/debug/glibc-2.17-c758a686/math/../sysdeps/x86_64/fpu/multiarch/e_pow.c
cfn=(202) __pow_finite
calls=1 8 
* 5
cob=(4)
cfi=(53) /usr/src/debug////////glibc-2.17-c758a686/math/../sysdeps/x86_64/fpu/multiarch/s_rint.S
cfn=(200) rint
calls=1 25 
* 5
cob=(4)
cfi=(52) /usr/src/debug/glibc-2.17-c758a686/math/../sysdeps/x86_64/fpu/multiarch/s_sin.c
cfn=(198) cos
calls=1 20 
* 8
cob=(4)
cfi=(51) /usr/src/debug/glibc-2.17-c758a686/math/../sysdeps/x86_64/fpu/multiarch/e_exp.c
cfn=(196) __exp_finite
calls=1 15 
* 8
fi=(4)
75 12
fi=(5)
535 12
fi=(4)
75 14
fe=(42)
259 3
fi=(4)
75 9
fe=(42)
259 27
+3 15
+24 5
+3 10
+17 15
+2 40
fi=(4)
84 7
+2 14
+12 7
-15 7
+15 7
-15 7
+15 7
+10 10
+3 13
fi=(5)
498 9
fi=(4)
111 12
fi=(5)
498 3585
fi=(4)
111 4780
+7 21
+3 6
+3 6
-3 6
+3 6
-74 4
fi=(5)
425 4
fi=(4)
51 4
fi=(5)
425 16
fi=(4)
127 516
+9 244
+3 244
fi=(5)
267 122
fi=(4)
138 122
-2 122
+1 488
fi=(5)
267 122
+21 244
+4 244
+7 1545
fi=(4)
137 90
fi=(5)
299 180
fi=(4)
137 90
fi=(5)
299 90
fi=(4)
138 90
fi=(5)
299 180
fi=(4)
137 90
fi=(5)
299 283
fi=(4)
137 13
fi=(5)
299 26
fi=(4)
137 13
fi=(5)
299 13
fi=(4)
138 13
fi=(5)
299 26
fi=(4)
137 13
fi=(5)
299 1275
cfi=(6) /usr/src/debug/glibc-2.17-c758a686/elf/dl-lookup.c
cfn=(170) _dl_lookup_symbol_x
calls=103 716 
* 106268
* 412
+2 327
+3 115
-3 230
+3 345
+6 854
fe=(42)
177 10
+1 2
+2 4
+79 10
fi=(5)
82 6
+4 9
+14 3
-8 3
+8 6
+20 6
+11 12
418 315
fi=(4)
124 399
+19 8
+1 26
+1 21
+3 14
+4 14
-1 7
-3 7
+1 7
+1 7
-1 14
fi=(5)
299 28
+2 7
+3 7
-3 7
+3 21
471 14
+1 7
cob=(3) /usr/lib64/libc-2.17.so
cfi=(50) ???
cfn=(192) memcpy@GLIBC_2.2.5
calls=1 0 
* 15
cob=(3)
cfi=(49) /usr/src/debug/glibc-2.17-c758a686/time/../sysdeps/unix/sysv/linux/x86_64/gettimeofday.c
cfn=(190) gettimeofday
calls=1 30 
* 22
cob=(3)
cfi=(48) /usr/src/debug////////glibc-2.17-c758a686/string/../sysdeps/x86_64/multiarch/memset.S
cfn=(188) memset
calls=1 27 
* 8
cob=(3)
cfi=(44) /usr/src/debug////////glibc-2.17-c758a686/string/../sysdeps/x86_64/multiarch/strcmp.S
cfn=(186) strncasecmp
calls=1 120 
* 5
cob=(3)
cfi=(47) /usr/src/debug////////glibc-2.17-c758a686/string/../sysdeps/x86_64/multiarch/strnlen.S
cfn=(184) strnlen
calls=1 30 
* 5
cob=(3)
cfi=(45) /usr/src/debug/glibc-2.17-c758a686/time/../sysdeps/unix/sysv/linux/x86_64/time.c
cfn=(180) time
calls=1 36 
* 22
cob=(3)
cfi=(44)
cfn=(178) strcasecmp
calls=1 100 
* 5
+1 14
299 39
fi=(4)
129 26
fi=(5)
299 26
+91 39
+4 65
+5 65
-71 2
+1 3
454 9
+4 18
cfi=(18)
cfn=(46)
calls=3 61 
* 54
+2 9
+1 3
fi=(4)
108 3
fe=(42)
314 10
+1 5
+1 5
-1 5
-1 10
+2 5
+3 10
+1 15
cfi=(35)
cfn=(118) mprotect
calls=5 81 
* 25
* 10
fi=(5)
124 12
-2 6
299 14
fi=(4)
129 3
+31 8
+2 20
+8 10
+1 5
-1 5
+1 5
fi=(5)
+96 5
fi=(4)
-97 10
fi=(5)
+97 5
+21 10
+4 10
+7 135
cfi=(6)
cfn=(170)
calls=5 716 
* 5414
* 20
+2 15
+3 1
-3 2
+3 3
+6 35
418 15
fi=(4)
160 15
+14 5
fi=(5)
299 155
fe=(42)

fl=(8) /usr/src/debug/glibc-2.17-c758a686/elf/../sysdeps/unix/sysv/linux/x86_64/brk.c
fn=(14) brk
31 1
-3 1
+3 6
+8 1
-6 2
+7 1

fl=(24) /usr/src/debug/glibc-2.17-c758a686/elf/dl-hwcaps.c
fn=(66) _dl_important_hwcaps
39 8
+2 1
-2 1
+3 1
-3 2
+3 1
-3 1
+2 3
+1 2
+9 1
-10 1
+10 2
+10 4
+42 1
+3 17
+1 1
-1 4
+30 2
+8 2
+2 3
+1 2
+1 2
+3 2
+7 1
-7 1
+1 1
+7 1
-1 1
+4 3
+1 1
-1 6
+1 1
+18 12
+1 4
cfi=(17) /usr/src/debug/glibc-2.17-c758a686/elf/dl-minimal.c
cfn=(40) malloc
calls=1 -89 
* 34
* 1
+1 1
-1 1
+1 4
+26 1
+3 1
-3 2
+3 1
+28 9
+1 2
-1 2
+1 6
-1 8
+5 6
+3 1
-3 1
+3 2
-3 1
+3 1
-3 2
+3 1
-3 1
+3 2
-3 1
+3 3
+1 12
+1 4
-1 4
+1 8
-2 4
+1 8
-1 14
+4 4
+3 1
+2 2
-1 1
-1 2
+2 10
+13 2
+1 1
-1 1
+3 2
-3 2
+1 1
-1 1
+3 2
+3 3
+3 9
-65 4
cfi=(18)
cfn=(68) mempcpy
calls=1 61 
* 22
+1 2
-1 2
+1 1
cfi=(18)
cfn=(68)
calls=1 61 
* 22
* 4

fl=(19) /usr/src/debug////////glibc-2.17-c758a686/string/../sysdeps/x86_64/strcmp.S
fn=(54) strcmp
132 593
+1 593
+1 593
+1 334
+1 334
+1 334
+1 334
cfn=(55) strcmp'2
calls=334 -6 
* 13026
+5 259
+1 259
+1 259
+1 259

fn=(55)
132 1820
+1 1820
+1 1820
+1 1629
+1 1629
+1 1629
+1 1629
cfn=(55)
calls=1486 -6 
* 62708
+2 143
+1 143
+2 191
+1 191
+1 191
+1 191

fl=(17)
fn=(40)
93 28
+1 56
cfn=(44) __libc_memalign
calls=28 -43 
* 941
* 28

fn=(72) strsep
337 3
+1 6
+4 64
+7 156
-2 106
+4 2
+6 26
-15 79
+18 1
+4 1
-4 1
+4 2
-11 2
+1 1

fn=(80) free
121 5
-2 10
+2 5
+7 10

fn=(36) calloc
102 10
+7 30
-3 10
+3 20
+4 10
cfn=(40)
calls=10 -20 
* 441
* 10

fn=(44)
51 116
+1 143
+11 28
+1 28
-1 28
+3 28
-3 28
+3 56
-3 1
+1 1
-1 1
+3 1
-3 1
+3 106
+4 12
+1 9
+6 21
cfi=(34) /usr/src/debug/glibc-2.17-c758a686/misc/../sysdeps/unix/sysv/linux/wordsize-64/mmap.c
cfn=(116) mmap
calls=3 -45 
* 99
+2 15
+4 9
+3 3
+1 3
+2 15
-3 26
+1 26
+2 208
-31 3
+1 1
-2 3

fl=(32) /usr/src/debug////////glibc-2.17-c758a686/io/../sysdeps/unix/syscall-template.S
fn=(108) read
81 12
+1 3

fn=(124) close
81 16
+1 4

fn=(126) access
81 4
+2 5

fn=(106) open
81 56
+1 4
+1 50

fl=(72) /usr/src/debug/glibc-2.17-c758a686/elf/../elf/dl-runtime.c
fn=(290) _dl_fixup
66 10
+6 10
-6 5
+3 5
-1 5
+1 5
+3 5
+1 5
-1 10
+1 15
+1 5
-1 5
+1 10
+9 10
+4 15
+4 8
+1 16
+2 16
+7 15
-1 5
+11 45
cfi=(6)
cfn=(170)
calls=5 716 
* 5932
* 5
+4 15
+10 30
+16 5
-8 5
+8 15
+4 15
fi=(5)
+88 5
fe=(72)
-84 15
-64 2

fl=(27) /usr/src/debug/glibc-2.17-c758a686/elf/../elf/dl-tls.c
fn=(220) _dl_allocate_tls_init
443 7
+1 1
-1 1
+1 1
+4 1
+6 2
-6 2
+6 2
+12 1
-15 1
-1 2
+21 6
+6 12
+3 1
+1 2
+7 1
+2 1
-2 2
+2 3
+1 1
+3 2
-1 2
+18 1
-2 1
-8 1
+8 2
-8 1
+8 1
cfi=(18)
cfn=(68)
calls=1 61 
* 23
* 4
cfi=(36) /usr/src/debug////////glibc-2.17-c758a686/string/../sysdeps/x86_64/rtld-memset.S
cfn=(120) memset
calls=1 30 
* 150
* 2
-38 3
+52 2
+2 1
+1 8

fn=(84) _dl_count_modids
111 2
+1 2

fn=(146) _dl_next_tls_modid
52 3
+48 2
+4 1

fn=(194) _dl_add_to_slotinfo
879 6
+6 1
+3 2
+5 5
+41 1
+1 3
+1 6

fn=(160) _dl_determine_tlsoffset
144 1
+34 1
-34 1
+34 2
-45 1
+1 1
+2 1
-3 1
+2 1
-2 1
+43 1
-43 2
+50 1
-1 1
+5 2
-4 1
-1 1
+7 1
-7 1
+3 2
+2 1
+2 1
-2 2
+16 5
+2 1
+1 1
-1 2
+4 1
+6 1
-12 1
-25 5
+40 1
+53 4
-1 1
+1 3
-52 1
+52 1

fn=(162) _dl_allocate_tls_storage
349 1
+13 1
-13 2
+2 1
+11 2
cfi=(17)
cfn=(44)
calls=1 51 
* 78
* 1
+1 1
-1 1
+1 1
+7 1
+4 306
-58 1
+1 1
-1 1
+1 2
cfi=(17)
cfn=(36)
calls=1 102 
* 43
* 1
+1 2
+9 1
-6 1
+6 1
+64 5

fl=(71) /usr/src/debug////////glibc-2.17-c758a686/elf/../sysdeps/x86_64/dl-trampoline.h
fn=(288) _dl_runtime_resolve_xsave
71 1
+3 1
+2 1
+10 1
+6 1
+1 1
+1 1
+1 1
+1 1
+1 1
+1 1
+4 1
+1 1
+3 1
+1 1
+2 1
+1 1
+1 1
+1 1
+1 1
+1 1
+2 1
+13 1
+1 1
+1 1
cfi=(72)
cfn=(290)
calls=1 -65 
* 1531
+1 1
+5 1
+1 1
+1 1
+2 1
+1 1
+1 1
+1 1
+1 1
+1 1
+1 1
+2 1
+2 1
+4 1
+3 1

fn=(289) _dl_runtime_resolve_xsave'2
71 4
+3 4
+2 4
+10 4
+6 4
+1 4
+1 4
+1 4
+1 4
+1 4
+1 4
+4 4
+1 4
+3 4
+1 4
+2 4
+1 4
+1 4
+1 4
+1 4
+1 4
+2 4
+13 4
+1 4
+1 4
cfi=(72)
cfn=(290)
calls=4 -65 
* 4738
+1 4
+5 4
+1 4
+1 4
+2 4
+1 4
+1 4
+1 4
+1 4
+1 4
+1 4
+2 4
+2 4
+4 4
+3 4

fl=(40)
fn=(144)
40 8
+1 2
cfi=(10)
cfn=(20)
calls=2 -15 
* 68
* 2
+1 4
cfi=(17)
cfn=(40)
calls=2 +51 
* 68
* 2
+2 4
+4 2
-1 4
+1 4
-1 4
cfi=(18)
cfn=(46)
calls=2 +14 
* 54

fl=(30) /usr/src/debug////////glibc-2.17-c758a686/setjmp/../sysdeps/x86_64/setjmp.S
fn=(96) __sigsetjmp
26 6
+9 6
+1 12
+1 6
+4 6
+1 6
+1 6
+1 6
+1 6
+2 12
+2 6
+1 6
+1 6
+2 12
+2 6
+4 6
+1 6

fl=(2) /usr/src/debug/glibc-2.17-c758a686/elf/rtld.c
fn=(94) _dl_initial_error_catch_tsd
747 14

fn=(158) init_tls
678 1
-1 1
-6 1
+2 2
+4 1
+10 2
-4 1
+4 2
cfi=(17)
cfn=(36)
calls=1 102 
* 43
* 1
-1 1
+6 1
-9 1
+11 1
+6 1
-1 1
+1 12
+2 10
+4 1
+2 1
-2 2
-5 10
+12 1
cfi=(27)
cfn=(160)
calls=1 144 
* 56
+7 1
cfi=(27)
cfn=(162)
calls=1 349 
* 455
+1 1
-1 1
+1 1
+6 1
+4 1
-4 1
+4 6
+3 2
+3 2

fn=(150) version_check_doit
611 2
+2 4
cfi=(41) /usr/src/debug/glibc-2.17-c758a686/elf/dl-version.c
cfn=(152) _dl_check_all_versions
calls=1 381 
* 4760
* 2
+4 2

fn=(24) dl_main
875 10
+19 1
2464 1
875 1
2464 1
875 1
+19 1
+3 1
-22 2
+22 1
+4 2
+1 2
+5 2
2457 2
+7 1
-5 1
+5 4
+5 1
cfi=(12) /usr/src/debug/glibc-2.17-c758a686/elf/dl-tunables.c
cfn=(26) _dl_process_tunable_env_entries
calls=1 37 
* 411
* 1
-9 4
+11 2
cfi=(13) /usr/src/debug/glibc-2.17-c758a686/elf/dl-environ.c
cfn=(28) _dl_next_ld_env_entry
calls=1 30 
* 34
* 4
cfi=(13)
cfn=(28)
calls=2 30 
* 404
* 9
+4 48
+1 19
-1 57
+3 4
+6 16
2632 3
+30 3
915 2
-2 1
+2 1
1111 7
cfi=(15) /usr/src/debug/glibc-2.17-c758a686/elf/dl-object.c
cfn=(32) _dl_new_object
calls=1 62 
* 244
* 1
+3 1
+1 1
+5 2
-5 1
+1 1
884 1
1116 1
+4 1
cfi=(15)
cfn=(48) _dl_add_to_namespace_list
calls=1 33 
* 34
* 3
+30 1
-3 1
-5 1
+1 1
+2 1
+5 6
+56 2
881 1
1206 2
-55 24
-1 27
+1 47
-1 2
1253 3
+3 2
+2 2
+2 2
+13 2
+1 8
cfi=(19)
cfn=(54)
calls=1 132 
* 7
* 3
+11 1
-4 1
+1 1
-3 1
+6 1
+6 2
fi=(3) /usr/src/debug/glibc-2.17-c758a686/elf/get-dynamic-info.h
29 1
+9 2
+6 1
-2 1
+2 2
+7 1
+5 1
+3 1
+2 1
-3 1
-3 1
-3 14
+10 3
-18 9
+8 21
+10 21
-18 63
+2 48
+5 12
+18 3
+67 3
+14 3
+18 2
fe=(2)
1296 2
cfi=(6)
cfn=(10) _dl_setup_hash
calls=1 865 
* 14
+3 2
fi=(20) /usr/src/debug/glibc-2.17-c758a686/elf/setup-vdso.h
24 2
fe=(2)
1321 1
cfi=(21) /usr/src/debug/glibc-2.17-c758a686/elf/../sysdeps/unix/sysv/linux/dl-sysdep.c
cfn=(60) _dl_discover_osversion
calls=1 45 
* 93
* 8
1155 3
+1 1
+90 2
+1 2
+1 1
-6 2
+1 1
-37 2
-1 2
+1 4
-1 2
+2 4
+1 1
+3 2
+1 2
-1 2
+1 2
+1 2
+1 6
+1 2
-45 1
+9 1
-9 1
+9 1
-7 1
+25 1
-25 1
-3 1
+10 1
-19 3
+1 1
2559 4
+1 4
cfi=(14)
cfn=(30)
calls=1 309 
* 120
* 2
+2 3
-57 4
cfi=(14)
cfn=(30)
calls=1 309 
* 26
* 2
+7 4
cfi=(14)
cfn=(30)
calls=1 309 
* 80
* 2
+2 3
1326 2
cfi=(23) /usr/src/debug/glibc-2.17-c758a686/elf/dl-load.c
cfn=(64) _dl_init_paths
calls=1 739 
* 2276
+3 3
cfi=(26)
cfn=(82)
calls=1 51 
* 17
+7 1
-7 1
+2 1
+5 1
+3 3
+1 1
+3 1
-3 3
+1 2
+3 1
+5 1
-7 1
+7 1
+1 5
+4 1
+4 1
-2 4
+1 2
+1 3
+5 2
+1 6
+2 2
+1 2
+5 2
+6 4
+1 2
-2 1
890 1
1558 1
cfi=(27)
cfn=(84)
calls=1 111 
* 4
* 1
+8 3
+3 2
+4 3
+7 1
+4 3
+19 3
+16 3
cfi=(32)
cfn=(126)
calls=1 81 
* 9
* 2
+77 4
+17 3
+1 1
-1 1
+1 2
-1 1
+1 5
cfi=(37) /usr/src/debug/glibc-2.17-c758a686/elf/dl-deps.c
cfn=(128) _dl_map_object_deps
calls=1 147 
* 16146
+1 1
+5 1
-5 3
+2 2
+3 4
+1 4
-1 2
+1 16
-1 8
+4 3
+1 3
+1 1
+2 2
+1 5
-1 5
+1 6
-1 9
-28 11
168 2
1742 1
-1 2
+1 1
+2 1
+2 3
+2 1
-4 1
+4 2
+15 2
+1 3
+13 1
-2 1
+2 1
-2 1
+2 1
-1 1
-1 2
+2 1
cfi=(29) /usr/src/debug/glibc-2.17-c758a686/elf/dl-error.c
cfn=(148) _dl_receive_error
calls=1 197 
* 4800
+10 1
+1 1
-1 1
+1 1
+1 1
cfn=(158)
calls=1 678 
* 626
* 1
+2 2
802 1
fi=(89) /usr/src/debug/glibc-2.17-c758a686/elf/../sysdeps/unix/sysv/linux/dl-osinfo.h
86 2
fe=(2)
804 1
fi=(89)
112 1
fe=(2)
813 1
+7 1
-5 1
1796 2
2029 3
+56 1
+4 1
+7 1
-11 1
+4 3
+4 2
+3 1
+8 2
+99 4
+2 1
+5 2
cfi=(27)
cfn=(220)
calls=1 443 
* 254
+4 2
+12 2
+29 1
cfi=(7) /usr/src/debug/glibc-2.17-c758a686/elf/../elf/dl-sysdep.c
cfn=(222) _dl_sysdep_start_cleanup
calls=1 251 
* 1
+4 3
+20 3
cfi=(26)
cfn=(82)
calls=1 51 
* 8
+1 1
-1 1
+2 1
cfi=(26)
cfn=(86)
calls=1 75 
* 1
+1 1
+4 1
cfi=(39)
cfn=(224)
calls=1 316 
* 15
+5 8
1315 3
1605 3
+1 1
-1 2
+1 1
cfn=(88) handle_ld_preload
calls=1 840 
* 3611
* 1
+1 4
+2 3
-31 2
+1 1
cfi=(26)
cfn=(86)
calls=1 75 
* 1
* 1
2226 2
+15 1
+3 1
-3 1
+3 1
-3 2
+3 2
-3 1
+2 1
+1 1
cfi=(42)
cfn=(164)
calls=1 148 
* 10269
+1 4
+2 3
2079 1
883 2
1739 2
2150 3
+7 1
+2 11
+2 1
+2 15
+5 10
+2 10
+8 5
-2 5
+2 10
+1 32
cfi=(42)
cfn=(164)
calls=4 148 
* 122307
+4 17
-22 14
+25 4
+2 1
+6 1
-6 1
+6 1
1700 6
+1 1
-1 2
+4 1
+1 1
-1 1
+2 2
2172 1
+1 1
-3 2
+14 2
cfi=(27)
cfn=(194)
calls=1 879 
* 24
* 1

fn=(98) map_doit
579 2
+2 7
cfi=(23)
cfn=(100) _dl_map_object
calls=1 2114 
* 2589
* 1
+2 2

fn=(2) _dl_start
430 9
+18 4
fi=(3)
44 1
fe=(2)
448 1
fi=(5)
59 3
fi=(3)
-15 1
fe=(2)
474 1
-3 1
fi=(3)
44 1
+17 2
-3 1
-7 1
+5 1
+3 1
+2 1
-3 1
-3 1
-3 2
-5 28
+15 14
-18 42
+18 1
-18 3
+2 40
+5 24
+1 20
+10 5
-18 15
+25 2
+20 4
+1 4
+1 4
+1 4
+2 4
+5 4
+1 4
+1 4
fe=(2)
496 34
fi=(4)
111 1
-28 1
+28 2
fi=(5)
498 3
fi=(4)
111 2
fi=(5)
498 1
fi=(4)
111 1
fi=(5)
498 27
fi=(4)
111 18
fi=(5)
498 9
fi=(4)
111 9
+13 1
fi=(5)
310 1
fi=(4)
124 2
+13 1
+2 2
-2 1
fi=(5)
264 1
fi=(4)
137 1
fi=(5)
292 1
fi=(4)
137 2
fi=(5)
292 1
fi=(4)
137 8
+2 16
-2 8
fi=(5)
264 8
fi=(4)
137 8
fi=(5)
292 8
fi=(4)
137 16
fi=(5)
292 8
+9 18
+3 9
-3 18
+3 27
+6 54
fi=(3)
53 4
+3 4
+3 4
+1 1
+1 2
fe=(2)
378 1
498 1
378 1
cfi=(6)
cfn=(10)
calls=1 865 
* 23
+1 2
+1 2
+1 2
+1 2
+9 1
+9 1
-9 3
+9 1
-6 1
-3 1
+9 1
cfi=(7)
cfn=(12) _dl_sysdep_start
calls=1 86 
* 163694
* 1
+9 4
+3 1
+4 1
-4 1
+4 1
523 9
fi=(5)
399 9
+9 9
fi=(4)
124 28
fe=(2)

fn=(52) rtld_lock_default_unlock_recursive
793 10

fn=(88)
840 9
+1 1
-76 1
+86 1
-11 2
-75 6
+80 3
fi=(28) /usr/src/debug/glibc-2.17-c758a686/elf/../string/bits/string2.h
984 3
+1 5
-1 264
+1 132
+1 66
-2 66
+2 66
-2 199
+2 1
-2 3
fe=(2)
849 3
+10 4
108 3
862 2
760 1
+5 5
-10 1
+4 1
+1 1
+1 1
+2 1
+2 1
cfi=(29)
cfn=(92) _dl_catch_error
calls=1 159 
* 2659
+1 2
+8 3
+89 1
-18 3
+21 9
-15 4
cfi=(18)
cfn=(46)
calls=1 61 
* 74
* 1
+1 3

fn=(50) rtld_lock_default_lock_recursive
787 10

fl=(34)
fn=(116)
32 11
+1 11
-1 99
+1 27
+1 110
+2 77
-3 26

fl=(35)
fn=(226)
81 4
+1 1

fn=(118)
81 32
+1 8

fl=(38) /usr/src/debug/glibc-2.17-c758a686/io/../sysdeps/unix/sysv/linux/wordsize-64/xstat.c
fn=(136) _xstat
35 8
-1 8
+1 8
+1 48
+4 2
-4 24

fl=(7)
fn=(222)
251 1

fn=(12)
86 7
+25 1
-1 1
+1 1
-25 1
+25 210
+6 1
-3 1
+1 1
-4 1
+3 1
+3 4
+1 6
-1 3
-29 1
-1 2
+31 108
-1 86
fi=(21)
-82 2
cfi=(8)
cfn=(14)
calls=1 -4 
* 12
fi=(5)
221 5
+4 1
cfi=(9)
cfn=(18)
calls=1 39 
* 122
fe=(7)
+1 3
+1 1
cfi=(10)
cfn=(20)
calls=1 26 
* 39
* 1
+2 2
cfi=(11) /usr/src/debug/glibc-2.17-c758a686/elf/../misc/sbrk.c
cfn=(22) sbrk
calls=1 34 
* 17
* 3
+12 3
+3 6
cfi=(2)
cfn=(24)
calls=1 875 
* 163014
+2 9
-67 1
+1 1
-29 1
+1 1
+11 1
+1 1
-7 1
+1 1
-4 1
+1 1
-25 1
+1 1
-4 1
+1 1
-7 1
+1 1
+2 1
+1 1

fl=(21)
fn=(60)
45 7
+2 3
+85 8
-45 3
cfi=(22)
cfn=(62)
calls=1 -6 
* 5
* 1
+15 1
-15 1
+20 1
-1 1
+3 12
+4 3
-2 6
+2 10
+2 1
+1 2
-3 4
+7 3
-1 3
+4 3
-2 3
+2 10
+5 2

fl=(23)
fn=(70) fillin_rpath
504 7
+2 1
-2 9
+4 3
cfi=(17)
cfn=(72)
calls=1 337 
* 243
* 6
cfi=(17)
cfn=(72)
calls=2 337 
* 207
* 9
+4 2
+3 2
-4 2
+4 2
+27 25
+1 10
+57 4
cfi=(17)
cfn=(80)
calls=2 121 
* 12
* 2
* 2
-39 4
+4 6
+1 6
-1 2
+1 2
-2 2
cfi=(17)
cfn=(40)
calls=2 93 
* 68
* 2
+3 2
-3 2
+3 6
+5 2
+1 6
-2 2
+2 2
cfi=(18)
cfn=(68)
calls=2 61 
* 58
+3 2
-3 2
+3 2
-2 2
+2 2
+1 1
+5 4
+1 2
-1 4
+1 26
+1 20
+3 2
-1 4
+1 2
+7 2
+1 2
+3 6
-81 6
cfn=(74) expand_dynamic_string_token
calls=2 -83 
* 382
+3 2
-3 2
+3 2
+5 4
cfi=(10)
cfn=(20)
calls=2 26 
* 82
+1 4
+7 12
+5 8
+23 4
+43 1
+3 9
-74 4
+59 4

fn=(100)
2114 6
+12 12
-12 6
+12 6
-12 54
+12 6
-12 12
+12 12
+12 30
-12 45
+5 54
+1 36
+2 54
cfi=(31)
cfn=(102) _dl_name_match_p
calls=18 304 
* 1245
* 39
2419 48
2161 6
+11 12
-56 6
+92 6
-2 3
+2 3
cfi=(25) /usr/src/debug////////glibc-2.17-c758a686/string/../sysdeps/x86_64/rtld-strchr.S
cfn=(76) index
calls=3 38 
* 159
* 6
2350 5
cfn=(74)
calls=1 434 
* 390
+1 1
-3 1
+4 1
-1 2
+4 6
cfn=(104) open_verify
calls=1 1684 
* 338
+3 1
-3 1
+3 1
+12 9
+2 6
+44 3
+1 21
-1 3
+1 15
cfn=(110) _dl_map_object_from_fd
calls=3 919 
* 6550
* 3
2212 4
cfi=(10)
cfn=(20)
calls=2 26 
* 95
* 2
+2 2
-2 2
+2 2
+7 8
+35 4
+1 30
cfn=(134) open_path
calls=2 1965 
* 1872
* 6
+6 12
716 2
2264 2
716 4
2342 4
-97 10
+21 4
+6 8
+2 6
+4 4
cfi=(39)
cfn=(138)
calls=2 185 
* 3019
+2 2
-2 2
+2 2
+5 6
+8 4
+28 20
cfn=(104)
calls=2 1684 
* 1236
+3 2
-3 2
+3 4
+1 4
-79 14
716 2
2247 2
716 4
2225 2
+8 10
-7 4
-1 2
+8 16
-3 6
716 2
2231 2
716 4
2139 45
+3 6
+2 6
-1 12
+1 6
cfi=(19)
cfn=(54)
calls=6 132 
* 105
* 12

fn=(64)
739 1
+13 2
-13 8
+13 3
cfi=(24)
cfn=(66)
calls=1 39 
* 346
+5 1
-5 1
+5 1
cfi=(17)
cfn=(40)
calls=1 93 
* 34
* 1
+1 1
-1 1
-1 1
+2 1
+8 1
-1 1
+1 1
-1 4
+5 4
cfi=(17)
cfn=(40)
calls=1 93 
* 34
* 1
+2 1
-2 1
-1 1
+3 1
+7 1
+10 1
+9 1
-20 1
+12 1
-1 1
+3 1
+1 1
-1 1
+6 9
+1 10
+2 2
-12 1
+12 1
-14 1
+2 1
+3 1
-2 1
+3 1
-1 8
+1 3
+6 11
-1 2
+14 1
-11 1
+6 1
+1 1
+5 2
+4 3
+32 4
-16 1
-2 1
+2 2
+18 2
cfi=(10)
cfn=(20)
calls=1 26 
* 76
* 20
cfi=(18)
cfn=(46)
calls=1 61 
* 31
+5 1
-5 1
+5 3
-1 2
+2 1
+1 3
-2 4
+1 26
+1 78
-2 105
+5 1
cfi=(17)
cfn=(40)
calls=1 93 
* 34
* 1
+1 1
-2 1
+2 1
+6 7
cfn=(70)
calls=1 504 
* 1331
+3 3
+6 1
+4 8
-37 2
-46 2

fn=(130) _dl_dst_count
282 5
+3 5
-3 20
+3 5
cfi=(25)
cfn=(76)
calls=5 38 
* 361
+3 5
-3 5
+3 5
+1 5
+19 30

fn=(74)
434 24
285 6
434 3
285 3
cfi=(25)
cfn=(76)
calls=3 38 
* 269
+3 3
-3 3
+3 3
161 6
cfi=(10)
cfn=(20)
calls=3 26 
* 186
* 3
+1 6
cfi=(17)
cfn=(40)
calls=3 -69 
* 102
* 3
+2 6
459 3
167 6
459 18
167 6
cfi=(18)
cfn=(46)
calls=3 61 
* 113

fn=(110)
919 33
+11 3
-11 3
+11 3
-11 9
+11 3
cfi=(26)
cfn=(82)
calls=3 51 
* 24
+4 9
-4 3
+4 3
cfi=(33) /usr/src/debug/glibc-2.17-c758a686/io/../sysdeps/unix/sysv/linux/wordsize-64/fxstat.c
cfn=(114) _fxstat
calls=3 35 
* 30
* 6
+11 21
+1 9
-1 27
+1 36
476 3
1636 24
963 6
+25 6
+10 6
+22 3
-89 3
+89 9
+35 21
cfi=(15)
cfn=(32)
calls=3 62 
* 1451
+1 3
-1 3
+1 3
+11 6
+5 3
-5 3
+1 6
+1 3
+2 3
-2 3
+2 12
+1 9
+1 3
+24 57
+8 3
-8 6
+8 3
-8 9
+8 3
+99 3
1098 3
1204 3
1099 3
-11 3
1204 6
+8 12
1106 45
-1 184
+1 133
+6 6
+1 9
+1 3
+9 30
+6 12
+1 6
-1 24
+7 24
+11 6
+2 6
-1 6
+4 6
-5 6
+1 6
-1 12
+2 6
-1 6
+2 6
+3 6
+4 6
-9 6
+2 6
+1 6
+1 6
+1 6
+4 6
+1 9
+5 6
-16 3
+16 15
+10 3
-10 6
-16 3
+16 15
+10 3
+3 3
+5 1
-1 1
+3 1
-1 1
-1 1
+1 1
+3 3
+1 2
+3 2
+4 4
+6 1
cfi=(27)
cfn=(146)
calls=1 52 
* 6
* 2
+1 1
+60 6
+1 9
+1 3
-6 6
+1 3
1117 2
+1 7
1265 9
+13 24
+2 6
+14 3
+5 18
cfi=(34)
cfn=(116)
calls=3 32 
* 105
+4 3
-4 3
+4 3
+7 3
+1 3
-1 3
+1 3
+2 3
-3 3
+1 3
+2 3
+10 3
+2 3
+33 18
+1 9
+2 12
+8 24
+6 3
+2 3
-2 3
+1 3
+2 3
-1 3
+1 3
-1 9
+8 6
+3 6
+11 21
cfi=(36)
cfn=(120)
calls=3 30 
* 1998
+1 15
+5 6
+15 6
-74 30
+2 12
+2 24
cfi=(34)
cfn=(116)
calls=3 32 
* 93
* 6
1068 3
1424 12
+9 6
fi=(3)
38 3
fe=(23)
1433 3
fi=(3)
38 3
+6 3
-2 3
+2 6
+7 3
+5 3
+3 3
-1 3
-3 3
-3 66
+10 15
-18 45
+8 58
+10 58
-18 174
+18 2
-18 6
+2 150
+5 68
+2 8
+16 6
+20 12
+1 12
+1 12
+1 12
+2 12
+5 12
+1 11
+1 11
+35 9
+5 2
+2 2
-2 2
+2 2
+2 4
+2 4
+1 1
+2 9
+10 2
-8 4
+9 4
-1 2
+5 4
+1 2
+2 6
fe=(23)
1439 6
+16 9
+19 6
+2 15
+51 9
+1 2
+3 2
cfi=(32)
cfn=(124)
calls=1 81 
* 5
* 4
cfi=(32)
cfn=(124)
calls=2 81 
* 10
* 6
+8 15
+3 9
+2 3
-2 3
+2 3
+16 6
cfi=(6)
cfn=(10)
calls=3 865 
* 60
+4 6
+1 6
+17 6
+1 1
+3 1
+6 1
-6 1
+1 2
+5 1
-6 2
+6 2
-6 2
+1 4
+5 2
+10 6
+10 9
cfi=(15)
cfn=(48)
calls=3 33 
* 132
+4 9
fi=(3)
56 8
fe=(23)
1320 3
-1 15
cfi=(35)
cfn=(118)
calls=3 81 
* 15
* 3
fi=(3)
59 8
+1 2
+1 8
fe=(23)
1362 10
+2 2
-1 6
+1 4
-1 2
+1 4
-1 4
+3 8
+43 8
cfi=(34)
cfn=(116)
calls=1 32 
* 31
+3 2
1539 6
940 2

fn=(134)
1965 16
+1 2
-1 10
+7 2
-7 2
+1 2
+6 4
+5 34
+74 2
-74 2
-7 2
-1 2
+82 2
-22 2
-52 2
+52 8
-40 2
-9 2
+9 4
-9 2
+9 2
+7 16
cfi=(18)
cfn=(68)
calls=4 61 
* 116
+1 4
-1 4
+1 12
-13 8
+33 16
-20 38
+3 32
+4 80
cfi=(18)
cfn=(68)
calls=10 61 
* 198
* 40
cfi=(18)
cfn=(68)
calls=10 61 
* 230
* 10
+3 10
+3 20
+3 70
cfn=(104)
calls=10 1684 
* 400
* 10
+2 30
+26 8
+2 6
+36 2
+27 16
-84 16
+1 72
+6 16
+2 24
-2 8
+2 8
cfi=(38)
cfn=(136)
calls=8 35 
* 98
* 16
+1 2
+2 2
-2 2
+2 16
+7 4
-44 4
+37 12
+7 12
-44 14
+85 20
+7 4
-2 4
+2 12
+3 6
+14 6
-72 12

fn=(104)
1684 130
+36 13
-36 26
+36 26
+21 52
cfi=(32)
cfn=(106)
calls=13 81 
* 105
+1 13
-1 13
+1 13
+11 3
+1 6
+5 18
cfi=(32)
cfn=(108)
calls=3 81 
* 15
+2 6
+2 3
+2 3
-2 3
+2 3
-2 3
+8 6
+16 15
cfi=(14)
cfn=(30)
calls=3 309 
* 258
* 6
+2 3
-2 6
+4 12
cfi=(14)
cfn=(30)
calls=3 309 
* 240
-4 6
+60 6
+5 6
+3 12
+5 6
+7 15
+1 12
+1 3
+15 12
1747 6
1884 112
+1 42
+4 6
+1 2
-1 2
+29 2
+1 2
+2 2
-3 2
+1 2
-1 2
+1 2
-2 2
+4 4
+5 2
+1 2
-13 8
cfi=(14)
cfn=(30)
calls=2 309 
* 146
* 8
cfi=(14)
cfn=(30)
calls=2 309 
* 160
* 8
+16 4
+6 2
-3 2
+1 2
+1 2
+1 4
+11 6
cfi=(17)
cfn=(80)
calls=3 121 
* 18
* 3
* 3
+4 34
1732 10
1951 70
-14 6
-4 2
+1 2
+1 2
-1 6
-1 2
+4 4
1787 8
cfi=(14)
cfn=(30)
calls=2 309 
* 176
* 4

fl=(18)
fn=(68)
61 32
+4 32
+3 32
+1 32
+2 13
+1 13
+2 13
+1 13
+5 13
+1 13
-1 19
+1 19
+2 19
+1 19
+2 19
+1 19
+5 19
+1 19
-1 13
+1 13
+2 12
+1 12
+2 12
+1 12
+5 12
+1 12
-1 20
+1 20
+2 18
+1 18
+2 18
+1 36
+5 18
+1 18
-1 14
+1 17
+5 3
+1 3
+1 3
+1 3
+2 3
+2 3
+1 3
+2 3
+6 32
+4 32
+12 1
+2 1
+1 1
+26 1
+1 1
+3 1
+1 1
+1 1
+5 1
+2 1
+1 1
+1 1
+1 1
+2 1
+1 1
+1 1
+1 1
+2 1
+1 1
+2 1
+2 1
+2 1
+1 1
+1 1
+1 1
+2 1
+1 1
+1 1
+1 1
+2 1
+1 1
+2 3
+5 1
+2 1

fn=(46)
61 23
+2 23
+2 23
+3 23
+1 23
+2 8
+1 8
+2 8
+1 8
+5 8
+1 8
-1 15
+1 15
+2 3
+1 3
+2 3
+1 6
+5 3
+1 3
-1 20
+1 20
+2 5
+1 5
+2 5
+1 5
+5 5
+1 5
-1 18
+1 18
+2 13
+1 13
+2 13
+1 13
+5 13
+1 13
-1 10
+1 19
+5 9
+1 9
+1 9
+1 9
+2 9
+2 9
+1 9
+2 9
+8 23
+8 4
+6 4
+2 4
+1 4
+3 1
+1 3
+5 1
+1 1
+2 1
+2 1
+1 1
+2 1
-8 1
+1 1
+2 1
+2 1
+1 1
+2 3
+9 1
+1 1
-1 3
+1 3
+3 4
+1 4
+1 4
+5 4
+2 4
+1 4
+1 4
+1 4
+2 4
+1 4
+1 4
+1 4
+2 4
+1 4
+2 4
+2 3
+2 3
+1 3
+1 3
+1 3
+2 3
+1 3
+1 3
+1 3
+2 3
+1 3
+2 9
+5 3
+6 3
+1 3
-7 1
+6 1
+1 1

fl=(60) /usr/src/debug/glibc-2.17-c758a686/elf/dl-init.c
fn=(230) _dl_init
90 10
+5 1
-4 1
-1 1
+2 1
+3 2
+7 6
+28 3
+1 4
-97 3
+97 16
-97 12
+9 4
-3 8
+3 12
+5 9
+5 4
+8 4
+2 4
+4 8
cob=(2)
cfi=(16)
cfn=(266)
calls=1 -67 
* 6
cob=(3)
cfi=(62) /usr/src/debug/glibc-2.17-c758a686/csu/../csu/init-first.c
cfn=(244) _init
calls=1 -15 
* 148
+4 2
+1 4
+6 4
+2 4
-2 2
+3 12
+1 8
cob=(4)
cfi=(55)
cfn=(270) 0x0000000000005710
calls=1 -82 
* 16
cob=(3)
cfi=(67) /usr/src/debug/glibc-2.17-c758a686/libio/vtables.c
cfn=(254) check_stdfiles_vtables
calls=1 -1 
* 11
* 4
cob=(3)
cfi=(68) /usr/src/debug/glibc-2.17-c758a686/string/../sysdeps/x86_64/cacheinfo.c
cfn=(256) init_cacheinfo
calls=1 478 
* 1879
* 3
-1 10
+49 10
+4 1
+1 8
-86 4
-15 3
+9 1
-3 2
+3 3
+5 3
+5 2
+8 2
+2 2
+4 5
cob=(2)
cfi=(16)
cfn=(232)
calls=1 -67 
* 6
* 1
+4 1
+1 2
+6 2
+2 2
-2 1
+3 6
+1 4
cob=(5) /usr/sup/valgrind-3.11.0/lib/valgrind/vgpreload_core-amd64-linux.so
cfi=(61) ???
cfn=(236) 0x0000000000000640
calls=1 -82 
* 17
* 1
-1 4
+17 2
-54 3

fl=(10)
fn=(20)
26 20
+1 20
+1 20
+1 20
+2 8
+1 8
+2 8
+1 8
-1 15
+1 15
+1 22
+1 22
+1 22
+2 38
+5 19
+1 19
+1 19
+1 19
+3 19
-6 6
+1 6
+1 6
+1 6
+3 6
+1 21
+1 21
+1 21
+2 21
+3 19
+1 19
+1 19
+1 19
+3 19
+1 14
+1 14
+1 14
+2 14
+3 11
+1 11
+1 11
+1 11
+3 11
+1 6
+1 6
+1 6
+2 6
+3 6
+1 6
+1 6
+1 6
+3 6
+1 6
+1 6
+1 6
+2 6
+3 19
+2 19
+1 19
+1 15
+2 15
+1 15
+1 13
+2 13
+1 13
+1 11
+2 11
+1 11
+1 7
+2 7
+2 7
+1 7
+1 6
+2 6
+1 6
+1 5
+2 5
+1 5
+1 3
+2 3
+1 3
-1 17
+1 17

fl=(14)
fn=(30)
309 17
+3 17
-3 85
+4 17
-4 17
+7 34
+4 15
+2 1
+1 1
+1 1
+1 1
+2 2
-5 4
+1 4
+1 4
+1 4
+2 8
+2 5
-9 15
+16 5
+1 10
-1 10
129 14
-15 6
340 4
+4 3
+2 3
-2 6
+1 3
+5 30
+2 13
+1 13
+1 13
+3 148
-3 86
-2 86
+1 86
+4 172
-7 192
+12 12
+1 136
225 3
-7 3
+1 3
+4 3
+2 3
-6 3
+4 3
+2 12
-92 2
+1 2
+1 2
+1 2
+1 2
+48 2
-2 2
+1 2
+1 14
-77 2
+1 4
+4 4
-5 8
+1 16
+4 18
231 2
+2 2
-4 2
+1 2
+4 2
-2 2
+56 4
-2 2
+2 4
-1 2
+1 4
+1 4
-31 1
-6 1
+1 1
+1 1
+4 1
+43 18
+1 6
-6 4

fl=(15)
fn=(48)
33 8
+2 4
-2 12
+2 4
cfi=(2)
cfn=(50)
calls=4 787 
* 8
+2 29
+4 6
-1 27
+2 3
+2 3
+4 3
+4 3
-4 6
+1 6
+1 6
+2 3
+1 9
-1 3
cfi=(2)
cfn=(52)
calls=3 793 
* 6
-4 1
+4 1
-4 2
+1 2
+1 2
+2 1
+1 3
-1 1
cfi=(2)
cfn=(52)
calls=1 793 
* 2
-5 2

fn=(32)
62 44
+1 4
-1 8
+1 4
cfi=(10)
cfn=(20)
calls=4 -37 
* 202
+6 4
-6 12
+6 44
+7 16
cfi=(17)
cfn=(36)
calls=4 +26 
* 225
* 4
+3 4
-3 4
+3 4
+4 4
+5 4
-6 4
+6 4
-5 4
+5 4
-1 8
+1 4
cfi=(18)
cfn=(46)
calls=4 -27 
* 120
* 4
+4 4
-2 4
+3 4
-1 4
+1 16
+3 4
-3 4
+3 4
+9 4
-7 4
+4 4
+3 9
+2 2
-2 2
+2 30
-2 30
+12 4
+6 4
-5 4
-1 4
+6 12
-2 4
+2 8
+2 9
+3 9
+4 9
+4 9
+2 1
+6 1
+3 2
+3 5
-3 6
+3 15
+2 3
+4 3
-4 3
cfi=(10)
cfn=(20)
calls=3 26 
* 165
* 6
+4 3
-4 3
+4 9
+64 6
+4 32
-88 9
-39 9
+39 3
+70 9
cfi=(18)
cfn=(68)
calls=3 61 
* 108
* 3
+5 50
+1 50
-1 50
+1 53
-1 3
+1 9
+5 6
-57 6
cfi=(17)
cfn=(40)
calls=3 -67 
* 102
* 3
+1 3
-1 3
+1 9

fl=(85) /usr/src/debug/glibc-2.17-c758a686/elf/dl-fini.c
fn=(350) _dl_fini
132 3
+12 1
-12 5
+19 1
-6 1
+9 10
+3 2
cfi=(2)
cfn=(50)
calls=1 787 
* 2
+3 2
+3 2
+2 7
+11 3
+2 2
+3 21
+11 2
+2 10
+4 5
+2 5
-2 10
+6 5
-5 5
-7 15
+19 6
cfn=(352) _dl_sort_fini
calls=1 33 
* 352
+9 2
cfi=(2)
cfn=(52)
calls=1 793 
* 2
+4 4
+2 1
+2 3
-2 4
+2 12
+3 10
+3 15
+4 6
+7 6
+4 3
+1 3
-1 3
+2 6
+1 9
+1 6
cob=(4)
cfi=(55)
cfn=(392) 0x00000000000056d0
calls=1 0 
* 1401
cob=(5)
cfi=(61)
cfn=(366) 0x0000000000000600
calls=1 0 
* 1115
cob=(6) /h/atsuet01/comp40/HW/UM_optimized/um
cfi=(70) ???
cfn=(354) 0x0000000000400c00
calls=1 0 
* 13
-1 9
+5 9
+1 9
cob=(2)
cfi=(16)
cfn=(412)
calls=1 0 
* 3
cob=(2)
cfi=(16)
cfn=(390)
calls=1 0 
* 3
cob=(2)
cfi=(16)
cfn=(364)
calls=1 0 
* 3
+5 30
+16 10
-55 11
-70 2
284 6
-49 4
+55 2
+7 8

fn=(352)
33 8
+2 1
-2 3
+2 1
+6 1
-1 3
+1 2
-1 1
+1 14
+1 3
-1 1
+1 1
cfi=(36)
cfn=(120)
calls=1 -12 
* 16
+15 8
+62 5
+3 24
cfi=(36)
cfn=(120)
calls=3 -92 
* 30
* 12
-76 9
+1 9
+4 9
+71 2
-76 3
+1 3
+4 11
+6 4
+1 4
-1 4
+1 10
+2 12
+1 6
-1 12
+1 9
+3 21
-1 30
+31 18
+21 6
-57 12
+61 16
+7 8

fl=(25)
fn=(76)
38 11
+1 11
+1 11
+1 11
+1 5
+1 5
+3 5
+1 5
+1 5
-2 18
+1 18
+1 18
+1 23
+1 23
+1 23
+1 23
+1 23
+9 11
+1 11
+1 11
+2 22
+32 11
+1 11
+1 11
+1 11
+2 11
+3 11
-8 2
+1 2
+1 2
+1 2
+2 2
+3 2
+1 13
+1 13
+1 13
+2 13
+5 12
+1 12
+1 12
+3 12
+1 11
+1 11
+1 11
+2 11
+3 9
+1 9
+1 9
+1 9
+2 9
+3 9
+1 9
+1 9
+1 9
+2 9
+5 9
+1 9
+1 9
+3 9
+1 8
+1 8
+1 8
+2 8
+2 3
+1 3
+1 3
+1 3
+2 3
+3 3
+1 3
+1 3
+1 3
+2 3
+5 3
+1 3
+1 3
+3 3
+1 3
+1 3
+1 3
+2 3
+2 2
+1 2
+1 2
+1 2
+2 2
+3 2
+1 2
+1 2
+1 2
+2 2
+5 2
+1 2
+1 2
+3 2
+1 2
+1 2
+1 2
+2 2
+4 10
+1 10
+11 1
+1 1
+1 1
+1 1
+47 1
+1 1

fl=(29)
fn=(92)
159 42
+9 6
+2 6
cfi=(2)
cfn=(94)
calls=6 747 
* 12
* 6
+1 6
+2 12
-2 6
+2 6
cfi=(30)
cfn=(96)
calls=6 26 
* 120
+1 12
+2 12
+1 12
-1 6
+1 6
cfi=(37)
cfn=(132) openaux
calls=5 60 
* 13367
cfi=(2)
cfn=(98)
calls=1 579 
* 2601
+1 6
+4 6
-4 6
+1 12
+1 12
+1 12
+10 24

fn=(148)
197 10
+1 1
cfi=(2)
cfn=(94)
calls=1 747 
* 2
+5 1
-1 1
-4 1
+9 1
+2 1
-3 1
+3 1
cfi=(2)
cfn=(150)
calls=1 611 
* 4770
+2 1
+1 1
+1 8

fl=(33)
fn=(114)
35 4
-1 4
+1 4
+1 24
+4 4

fl=(36)
fn=(120)
30 12
+1 12
+1 12
+1 2180
+1 12
+1 12

fl=(11)
fn=(22)
34 4
+8 6
+4 2
+11 5

fl=(13)
fn=(28)
30 3
+3 11
+2 134
+11 65
-13 195
-2 1
+19 1
-14 20
+5 2
-3 2
+3 2
+2 2

fl=(31)
fn=(102)
304 440
+1 176
cfi=(19)
cfn=(54)
calls=88 132 
* 623
* 88
+1 88
-1 88
+3 88
+2 176
+4 89
-4 178
+1 288
cfi=(19)
cfn=(54)
calls=96 132 
* 1862
* 192
-5 7
+11 116
-1 81
+1 324

fn=(140)
43 1
+7 1
-7 3
+7 1
-7 1
+1 1
-1 2
+7 1
cfi=(32)
cfn=(106)
calls=1 +31 
* 5
+1 1
-1 1
+1 1
+2 4
cfi=(33)
cfn=(114)
calls=1 -18 
* 10
* 2
+2 1
+3 1
-3 1
+3 1
+13 2
cfi=(32)
cfn=(124)
calls=1 +10 
* 5
+3 7
-14 6
cfi=(34)
cfn=(116)
calls=1 -28 
* 33
* 2

fl=(1) ???
fn=(0) 0x0000000000001140
0 2
cfi=(2)
cfn=(2)
calls=1 430 
0 164403
0 14
cfi=(60)
cfn=(230)
calls=1 90 
0 2324
0 3
cob=(6)
cfi=(70)
cfn=(280) 0x0000000000400b5a
calls=1 0 
0 8073

fl=(6)
fn=(10)
865 15
+4 3
+4 6
+2 3
-1 3
+4 3
+4 3
-4 3
+1 6
+2 3
-2 3
+3 3
+2 3
+1 3
+1 12
+1 3
+3 6
+2 2
+2 2
+2 2
+1 2
+1 2
-4 2
+4 4

fn=(176) check_match.9524
132 5187
+1 1482
+2 1482
+2 1104
-2 736
+12 1104
+3 1912
cfi=(19)
cfn=(54)
calls=294 -18 
* 5187
* 588
+5 102
-1 102
+1 102
-1 102
+1 102
+2 200
+19 200
+1 800
+46 612
-18 4
+2 4
+1 8
-1 4
+1 2
-1 4
+9 266
+7 3834
-45 300
cfi=(19)
cfn=(54)
calls=100 -46 
* 8698
* 400
-43 746
+81 1119

fn=(172) do_lookup_x
82 1017
+1 113
-6 113
+5 339
-5 791
+11 113
+1 113
233 113
-3 113
+3 113
-3 339
98 113
-3 113
+1 113
+2 113
+3 113
-3 113
+3 113
-3 343
-3 343
+1 343
+2 343
+3 343
-3 343
+3 343
+4 936
+4 906
+4 906
+7 1359
+4 906
+1 1359
226 453
+1 906
+4 470
-2 235
+5 940
+4 470
-1 470
+1 235
-1 470
+21 138
+24 702
462 1923
+1 260
cfi=(31)
cfn=(102)
calls=52 304 
* 2419
* 312
+3 1062
+3 22
287 760
+4 246
+13 102
+1 102
-1 102
+1 102
+1 102
470 904
241 404
-1 202
+2 202
+2 300
+10 297
-7 980
+2 194
+1 388
-1 582
+1 291
cfn=(176)
calls=97 132 
* 15285
+1 485
+11 1292
+6 1126
+2 2556
-2 639
+2 639
-2 639
+4 4508
cfn=(176)
calls=644 132 
* 21208
+1 3225
-10 113
fi=(43) /usr/src/debug/glibc-2.17-c758a686/elf/../sysdeps/generic/dl-hash.h
32 113
-1 113
+1 565
+2 226
+1 339
+2 226
+1 339
+2 226
+1 339
+2 105
+1 105
-1 105
+2 315
+3 2829
+1 1886
+13 1886
-17 2829
+22 630
fe=(6)
263 210
fi=(43)
67 40
fe=(6)
263 16

fn=(170)
716 1356
477 113
716 226
477 339
-1 226
+2 113
-1 113
+1 339
-1 339
+1 1387
-1 1387
+1 4161
-1 4387
718 113
+4 113
+9 113
-13 113
+15 113
-14 226
+14 113
-2 113
+6 904
+2 1469
cfn=(172)
calls=113 82 
* 95745
+3 226
+3 11
-8 44
-7 226
+40 226
+24 102
+1 714
+26 102
+9 510
+14 306
+3 408
+5 102
+2 904
-82 77
+18 11
+1 22
+54 2

fl=(41)
fn=(152)
381 6
+4 4
-2 2
+4 35
cfn=(154) _dl_check_map_versions
calls=5 174 
* 4671
-2 5
+2 15
-1 5
-1 10
+5 7

fn=(154)
174 45
+15 5
-15 10
+15 10
+2 5
+3 5
-3 5
+2 5
+1 5
+2 5
-3 5
+3 5
+3 12
+4 18
+17 3
56 3
220 3
56 3
220 3
56 15
220 1
56 1
220 1
56 1
220 1
56 5
+1 14
-1 28
+2 54
cfi=(31)
cfn=(102)
calls=18 304 
* 1240
* 40
228 12
+5 32
+20 4
-16 103
cfn=(156) match_symbol
calls=3 76 
* 584
* 15
cfn=(156)
calls=5 76 
* 919
* 8
+8 32
+3 32
+9 16
+5 1
+1 1
-80 2
-8 2
+96 15
+3 9
+10 28
-7 112
+3 84
-3 12
+3 9
+8 5
+86 5
-86 5
+87 8
-81 16
cfi=(17)
cfn=(36)
calls=4 102 
* 220
* 4
+1 4
-2 4
+2 4
+11 4
-3 4
+3 8
+2 12
+3 12
+4 12
+18 4
-15 12
+2 12
-2 12
+2 12
+2 8
+1 8
-1 16
+1 8
-1 8
+1 8
+1 8
-2 8
+2 16
+1 24
+3 24
+8 12
+5 1
+1 1
+4 12
+3 12
+20 28
-14 28
-2 28
+2 31
-2 3
+2 3
+4 28
+2 28
-1 56
+1 28
-1 84
+1 28
+1 28
+3 93
+10 4
-1 4
+1 28

fn=(156)
76 88
+9 8
-8 8
-1 16
+1 8
+8 8
+6 24
+18 16
+5 16
+14 136
+12 180
+4 60
-30 120
+16 8
+3 32
cfi=(19)
cfn=(54)
calls=8 -1 
* 695
* 16
+35 64

fl=(37)
fn=(128)
147 1
+1 1
-1 2
+1 1
-1 1
+1 1
-1 1
+1 2
-1 4
+1 2
-1 1
+1 2
-1 1
+1 10
+15 1
-15 1
+16 1
-2 1
+1 1
-15 1
+16 1
+6 3
+10 1
-10 1
+10 3
-14 1
-4 1
+2 1
+17 1
-17 1
-2 2
+2 1
-2 1
+2 1
-2 1
+1 1
+1 1
+6 3
+10 1
-10 1
+10 3
-16 4
+20 1
+21 1
+1 1
-22 2
+19 1
-12 1
+15 1
-16 1
+13 1
347 9
215 1
+4 1
-8 1
+8 2
-4 4
+4 4
-8 4
+8 8
+12 15
+2 6
+6 3
-6 6
+5 3
+1 3
+5 3
-4 3
+4 3
-4 3
+1 3
+3 3
-3 3
+3 6
-32 3
+32 6
+1 158
+6 20
cfi=(23)
cfn=(130)
calls=5 +31 
* 446
* 15
+5 25
-3 5
+3 5
cfi=(29)
cfn=(92)
calls=5 -97 
* 13657
+2 15
+15 5
+2 10
+19 10
+1 9
-51 316
475 10
+2 9
+3 6
-1 3
cfi=(17)
cfn=(40)
calls=3 93 
* 102
* 3
+2 3
-2 3
+2 3
+3 3
+1 12
-1 3
+1 3
cfi=(18)
cfn=(46)
calls=3 61 
* 68
+1 15
cfi=(18)
cfn=(46)
calls=3 61 
* 68
+4 3
-1 3
+5 36
+3 12
-1 5
+1 10
204 1
501 6
+1 2
+3 6
+11 4
-1 1
cfi=(17)
cfn=(40)
calls=1 93 
* 34
* 1
+3 1
-3 1
+3 2
+5 7
+1 4
+2 11
+6 12
+4 4
-10 4
+10 4
-10 9
+6 3
+4 1
-10 1
+10 1
-10 3
+13 2
+53 4
+43 18
+1 1
-1 3
-1 1
+2 1
cfi=(36)
cfn=(120)
calls=1 30 
* 16
* 11
+5 1
-1 1
+7 1
-6 1
+6 1
-11 9
+5 3
-1 3
+7 3
-6 3
+6 6
+2 12
+1 6
-1 12
+1 9
+3 21
-1 30
+23 6
-28 12
+31 12
+3 30
cfi=(36)
cfn=(120)
calls=3 30 
* 30
* 12
280 18
+6 3
-6 6
+3 3
+1 3
+1 3
+1 3
+4 15
-2 12
-37 8
-20 8
-19 4
+7 10
+1 22
+2 3
+2 9
+2 22
+71 222
688 2
+2 1
+1 1
-1 1
+9 3
+3 2
+3 8
226 26
628 10
cfi=(18)
cfn=(46)
calls=1 61 
* 42
+2 4
+33 3

fn=(132)
60 10
+7 5
-4 15
+1 5
-1 5
+1 5
-1 25
cfi=(23)
cfn=(100)
calls=5 2114 
* 13282
* 5
+5 10

fl=(12)
fn=(26)
37 1
-8 1
+8 1
+1 4
+4 134
+15 67
-19 201
+22 2

ob=(3)
fl=(62)
fn=(244)
52 8
+6 6
+17 1
fi=(63) /usr/src/debug/glibc-2.17-c758a686/csu/../sysdeps/unix/sysv/linux/x86_64/init-first.c
-35 2
fe=(62)
+33 1
+1 1
fi=(63)
-34 1
-2 2
fe=(62)
+37 1
fi=(63)
-37 3
+2 1
cfi=(46) /usr/src/debug/glibc-2.17-c758a686/elf/../sysdeps/unix/sysv/linux/dl-vdso.c
cfn=(182) _dl_vdso_vsym
calls=1 -13 
* 7
+1 2
+5 2
-3 2
+1 1
+2 1
cfi=(46)
cfn=(182)
calls=1 -19 
* 7
fe=(62)
+43 1
fi=(63)
-39 1
fe=(62)
+39 2
fi=(63)
-39 2
+1 2
+1 1
fe=(62)
+37 1
cfi=(64) /usr/src/debug/glibc-2.17-c758a686/misc/init-misc.c
cfn=(248) __init_misc
calls=1 -59 
* 58
+8 1
cfi=(66) /usr/src/debug/glibc-2.17-c758a686/ctype/ctype-info.c
cfn=(252) __ctype_init
calls=1 -65 
* 16
+5 6
-35 1
-9 1
+9 4
fi=(63)
-25 2
fe=(62)

fl=(47)
fn=(184)
30 1
+1 1
+1 1
+1 1
+2 1

fl=(50)
fn=(192)
0 15

fl=(65) /usr/src/debug////////glibc-2.17-c758a686/string/../sysdeps/x86_64/strrchr.S
fn=(250) __GI_strrchr
25 1
+1 1
+1 1
+1 1
+1 1
+1 1
+1 1
+1 1
+1 1
+1 1
+1 1
+1 1
+1 1
+1 1
+1 1
+1 1
+1 1
+1 1
+1 1
+1 1
+1 1
+1 1
+1 1
+13 1
+1 1
+1 1
+1 1
+7 1
+1 1
+1 1
+1 1
+1 1
+1 1
+1 1

fl=(88) /usr/src/debug/glibc-2.17-c758a686/posix/../sysdeps/unix/sysv/linux/_exit.c
fn=(422) _Exit
27 2
+4 1
+2 2

fl=(67)
fn=(254)
81 4
+1 3
+1 4

fl=(46)
fn=(182)
27 4
-1 4
+1 4
+4 8
-3 8

fl=(74) /usr/src/debug/glibc-2.17-c758a686/stdlib/cxa_atexit.c
fn=(296) __cxa_atexit
56 6
-22 2
cfn=(298) __new_exitfn
calls=1 +38 
* 39
+2 2
+4 1
+3 1
+1 1
-4 2
+2 1
+4 1
+1 1
+11 4

fn=(298)
72 1
+6 2
-6 3
+6 4
+2 4
-7 2
+9 3
-2 1
+10 1
-10 2
+45 1
+1 1
+3 4
+3 5
-35 2
+14 1
+1 2

fl=(49)
fn=(190)
30 1
+1 1
+3 2
-3 4
+3 1
cfi=(46)
cfn=(182)
calls=1 -7 
* 7
+1 3
+1 3

fl=(68)
fn=(264) intel_02_known_compare
121 162
+3 162

fn=(256)
478 2
+12 1
-12 1
+12 1
-12 1
+12 1
-12 1
+12 1
648 2
+2 1
+1 1
+2 1
-3 1
+5 1
-5 1
+4 3
+4 2
+2 1
+1 1
+2 1
+4 1
-7 1
+5 1
-5 1
+4 1
+3 2
-3 1
+3 1
-3 1
+3 2
492 2
cfn=(258) handle_intel.isra.0
calls=1 262 
* 844
+4 1
-4 1
+4 1
cfn=(258)
calls=1 262 
* 885
+2 1
-2 1
-1 1
+3 1
+9 3
+2 1
+1 1
+2 1
+5 2
+9 16
-9 12
+6 3
-6 3
+6 3
-6 3
+6 1
-6 1
+6 1
+69 4
+1 6
-65 1
+32 1
-26 5
+7 2
+4 4
+2 4
-6 4
+4 1
-2 1
+2 1
-4 3
+4 1
-2 1
+2 1
+15 1
+1 4
-9 1
+2 2
+1 1
-1 2
+1 1
+1 1

fn=(258)
262 4
+12 2
-12 12
+9 2
+1 4
-3 6
+23 10
cfn=(260) intel_check_word
calls=2 132 
* 1446
+1 4
+3 10
cfn=(260)
calls=2 132 
* 189
+1 4
-17 4
+5 2
-5 4
+5 2
+2 2
+1 2
-1 4
+27 16

fn=(260)
132 32
+1 12
+6 32
+2 4
-2 4
+2 4
+88 8
-76 20
+53 16
+23 40
-1 8
+1 8
cfi=(69) /usr/src/debug/glibc-2.17-c758a686/stdlib/bsearch.c
cfn=(262) bsearch
calls=8 26 
* 1228
+2 16
+22 8
141 16
+2 10
+2 20
-10 2
258 32
-93 10
+5 10
-5 14
+9 2
+2 4
+8 2
+4 2
-2 4
+13 3
-34 15
+5 6
+4 8
+7 9
+9 2
-2 2
+3 2
-1 2
-2 2
+1 2
+1 2
-1 6
+1 2
-2 4

fl=(79) /usr/src/debug/glibc-2.17-c758a686/libio/iofwrite.c
fn=(324) fwrite
31 7
+1 2
-1 2
+4 2
+2 18
+1 3
fi=(83) /usr/src/debug/glibc-2.17-c758a686/libio/libioP.h
887 2
+1 3
fe=(79)
45 2
-7 1
+1 1
fi=(83)
959 3
+2 2
+1 2
fe=(79)
39 4
cfi=(80) /usr/src/debug/glibc-2.17-c758a686/libio/fileops.c
cfn=(326) _IO_file_xsputn@@GLIBC_2.2.5
calls=1 1275 
* 227
* 4
+10 1
-3 1
+3 7
fi=(83)
888 6
fe=(79)

fl=(84) /usr/src/debug/glibc-2.17-c758a686/stdlib/exit.c
fn=(346) exit
98 2
+1 2
-1 1
+1 1
cfn=(348) __run_exit_handlers
calls=1 -63 
* 3418

fn=(348)
36 9
+5 6
+4 3
-4 3
+4 3
+3 1
-1 1
+2 5
+33 1
+1 1
-1 1
+1 1
+6 2
+1 5
cfi=(81) /usr/src/debug/glibc-2.17-c758a686/libio/genops.c
cfn=(414) _IO_cleanup
calls=1 948 
* 149
* 3
+2 2
cfi=(88)
cfn=(422)
calls=1 -65 
* 5
-19 1
+4 2
-2 2
+2 1
cob=(1)
cfi=(85)
cfn=(350)
calls=1 +55 
* 3210
+1 1

fl=(80)
fn=(332) _IO_do_write@@GLIBC_2.2.5
493 1
+2 2
-2 5
+2 1
+1 6

fn=(334) _IO_file_write@@GLIBC_2.2.5
1251 7
+2 5
+11 1
+1 1
-12 2
+5 1
-1 3
+1 2
cfi=(82) /usr/src/debug////////glibc-2.17-c758a686/io/../sysdeps/unix/syscall-template.S
cfn=(336) write
calls=1 81 
* 7
+1 2
+9 3
+3 9

fn=(328) _IO_file_overflow@@GLIBC_2.2.5
802 4
+1 3
+7 3
+35 2
-32 2
+12 2
+9 4
+8 1
-4 1
+3 2
-2 2
-3 1
+1 2
+5 1
-1 1
+1 3
+1 2
+3 1
+1 1
+11 3
-12 1
cfn=(332)
calls=1 493 
* 15
-31 2
cfi=(81)
cfn=(330) _IO_doallocbuf
calls=1 395 
* 23
+1 6

fn=(326)
1275 1
+7 1
-7 7
+6 2
+7 6
+17 4
+17 3
+4 1
fi=(83)
959 3
+2 2
+1 2
fe=(80)
1326 3
cfn=(328)
calls=1 802 
* 88
* 2
+6 2
+1 3
+2 3
+11 2
+3 2
+1 8
-45 3
504 2
+7 4
+8 1
fi=(83)
961 2
+1 2
fe=(80)
519 5
cfn=(334)
calls=1 1251 
* 43
* 1
+1 4
+6 1
-4 1
+4 1
-4 3
+1 2
+3 1
1338 1
+1 1
524 1
1339 1
525 2

fl=(64)
fn=(248)
30 4
+1 5
+2 3
cfi=(65)
cfn=(250)
calls=1 -8 
* 34
+4 5
+1 3
+2 4

fl=(69)
fn=(262)
26 8
+5 8
-5 72
+7 8
-7 16
+7 8
+7 10
+1 10
-8 20
+2 54
+2 54
-2 54
+1 162
+1 108
cfi=(68)
cfn=(264)
calls=54 +84 
* 324
+1 108
+1 44
-6 88
+14 8
-1 8
+1 56

fl=(45)
fn=(180)
36 1
+1 1
+3 2
-3 4
+3 1
cfi=(46)
cfn=(182)
calls=1 -13 
* 7
* 3
+1 3

fl=(76) /usr/src/debug////////glibc-2.17-c758a686/setjmp/../sysdeps/x86_64/setjmp.S
fn=(314) __sigsetjmp
26 1
+9 1
+1 2
+1 1
+4 1
+1 1
+1 1
+1 1
+1 1
+2 2
+2 1
+1 1
+1 1
+2 2
+2 1
+9 1
cfi=(77) /usr/src/debug/glibc-2.17-c758a686/setjmp/sigjmp.c
cfn=(316) __sigjmp_save
calls=1 -35 
* 9

fl=(86) /usr/src/debug/glibc-2.17-c758a686/stdlib/cxa_finalize.c
fn=(378) __cxa_finalize
30 6
+17 2
-17 10
+4 8
+4 12
-4 6
+32 8
+4 12
-4 6
+12 4
+3 2
-2 2
+2 12
-2 2
cfi=(87) /usr/src/debug/glibc-2.17-c758a686/nptl/../nptl/sysdeps/unix/sysv/linux/unregister-atfork.c
cfn=(380) __unregister_atfork
calls=2 -44 
* 14

fl=(77)
fn=(316)
29 2
-1 2
+1 2
+5 3

fl=(44)
fn=(186)
120 1
+2 1
+1 1
+1 1
+9 1

fn=(178)
100 1
+2 1
+1 1
+1 1
+9 1

fl=(48)
fn=(188)
27 1
+1 1
+1 1
+1 1
+1 1
+2 1
+1 1
+5 1

fl=(82)
fn=(336)
81 2
cfn=(338) __write_nocancel
calls=1 * 
* 5

fn=(338)
81 5

fl=(87)
fn=(380)
35 2
-8 4
+11 4
+82 4

fl=(66)
fn=(252)
32 5
+2 1
-2 2
+2 3
+2 5

fl=(81)
fn=(414)
948 1
+3 1
-3 6
+3 1
cfn=(416) _IO_flush_all_lockp
calls=1 760 
* 92
-63 1
+63 1
-63 2
fi=(83)
+71 2
fe=(81)
-59 1
fi=(83)
+59 2
fe=(81)
-69 9
+2 2
-1 4
+3 3
+34 3
-40 9
+75 9

fn=(416)
760 8
+6 3
+6 1
-11 1
+10 1
+2 2
fi=(83)
959 2
fe=(81)
777 1
fi=(83)
959 2
fe=(81)
776 3
-1 3
+1 3
+3 9
+10 6
+4 3
-2 3
+2 6
+7 3
-27 6
+31 2
+2 3
+4 9
-31 12

fn=(330)
395 3
+1 1
-1 1
+1 1
+2 3
-9 1
-5 1
+1 1
+4 1
+13 4
-4 3
+3 3

fl=(73) /usr/src/debug/glibc-2.17-c758a686/csu/../csu/libc-start.c
fn=(294) (below main)
132 7
+4 1
-4 3
+4 7
+62 1
-62 1
+62 1
+1 4
cfi=(74)
cfn=(296)
calls=1 56 
* 61
+22 6
+3 2
+1 5
cob=(6)
cfi=(70)
cfn=(300) __libc_csu_init
calls=1 0 
* 51
+4 4
+15 2
+9 2
cfi=(75) /usr/src/debug////////glibc-2.17-c758a686/setjmp/../sysdeps/x86_64/bsd-_setjmp.S
cfn=(312) _setjmp
calls=1 31 
* 30
+1 2
+5 2
+1 2
+3 2
+3 6
cob=(6)
cfi=(78) /h/atsuet01/comp40/HW/UM_optimized/um-driver.c
cfn=(318) main
calls=1 82 
* 6284

fl=(75)
fn=(312)
31 1
+2 1
cfi=(76)
cfn=(314)
calls=1 -7 
* 28

ob=(4)
fl=(59)
fn=(212)
25 1
+1 1
+1 1
+1 1
+2 1

fl=(52)
fn=(198)
20 8

fl=(58)
fn=(210)
25 1
+1 1
+1 1
+1 1
+2 1

fl=(51)
fn=(196)
15 8

fl=(56)
fn=(206)
25 1
+1 1
+1 1
+1 1
+2 1

fl=(55)
fn=(204)
0 8

fn=(406) 0x0000000000005660
0 9

fn=(218)
0 8

fn=(392)
0 8
cob=(1)
cfi=(71)
cfn=(289)
calls=1 71 
0 1375
0 5
0 1
cfn=(406)
calls=1 0 
0 9
0 3

fn=(270)
0 16

fn=(216)
0 8

fl=(53)
fn=(200)
25 1
+1 1
+1 1
+1 1

ob=(6)
fl=(70)
fn=(306) 0x0000000000400c30
0 11

fn=(354)
0 5
cfn=(358) 0x0000000000400b90
calls=1 0 
0 5
0 3

fn=(280)
0 11
cob=(1)
cfi=(71)
cfn=(288)
calls=1 71 
0 8057
0 5

fn=(300)
0 16
cob=(2)
cfi=(16)
cfn=(302)
calls=1 0 
0 6
0 7
cfn=(306)
calls=1 0 
0 11
0 11

fn=(358)
0 5

fl=(78)
fn=(318)
82 3

ob=(4)
fl=(53)
fn=(200)
30 1

fl=(57)
fn=(208)
10 5

fn=(214)
16 5

fl=(54)
fn=(202)
8 3

ob=(6)
fl=(78)
fn=(318)
83 5
cob=(1)
cfi=(71)
cfn=(289)
calls=1 -12 
* 1645
* 5

ob=(4)
fl=(54)
fn=(202)
8 2

ob=(6)
fl=(78)
fn=(318)
84 2
cob=(1)
cfi=(71)
cfn=(289)
calls=1 -13 
* 4619
* 5

ob=(5)
fl=(61)
fn=(366)
0 8
cob=(1)
cfi=(71)
cfn=(289)
calls=1 71 
0 1089
0 5
0 1
cfn=(384) 0x0000000000000570
calls=1 0 
0 9
0 3

fn=(384)
0 9

fn=(236)
0 17

totals: 174819
